ATL,106893692,106893692,0.012
PEK,102607733,209501425,0.023
LAX,85353489,294854914,0.032
DXB,83885803,378740717,0.042
ORD,82178586,460919303,0.051
LHR,79503185,540422488,0.059
HND,76258178,616680666,0.068
PVG,75796080,692476746,0.076
CDG,75294622,767771368,0.084
CAN,73324707,841096075,0.092
HKG,71646373,912742448,0.100
DFW,71323860,984066308,0.108
AMS,70194577,1054260885,0.116
DEL,69584339,1123845224,0.124
FRA,68897126,1192742350,0.131
ICN,68525506,1261267856,0.139
SIN,67112347,1328380203,0.146
DEN,66933964,1395314167,0.153
IST,65543666,1460857833,0.161
BKK,63290345,1524148178,0.168
JFK,62508366,1586656544,0.174
KUL,62107254,1648763798,0.181
MAD,61113285,1709877083,0.188
CGK,59113567,1768990650,0.194
SFO,55466611,1824457261,0.201
CTU,53699796,1878157057,0.206
SZX,53032086,1931189143,0.212
BCN,52082777,1983271920,0.218
SEA,49908383,2033180303,0.224
MEX,49889788,2083070091,0.229
YYZ,49671134,2132741225,0.234
MCO,49176047,2181917272,0.240
LAS,48864787,2230782059,0.245
CLT,48355004,2279137063,0.251
SVO,48266480,2327403543,0.256
BOM,48013340,2375416883,0.261
TPE,47601892,2423018775,0.266
MNL,47127119,2470145894,0.272
MUC,47096363,2517242257,0.277
KMG,46841760,2564084017,0.282
EWR,46246543,2610330560,0.287
XIY,45891309,2656221869,0.292
SYD,45867841,2702089710,0.297
LGW,45744616,2747834326,0.302
SHA,45736120,2793570446,0.307
PHX,44618187,2838188633,0.312
IAH,43711567,2881900200,0.317
FCO,43468941,2925369141,0.322
GRU,43190694,2968559835,0.326
CKG,43175921,3011735756,0.331
MIA,42625926,3054361682,0.336
NRT,42141129,3096502811,0.340
BOS,41327895,3137830706,0.345
DMK,41067387,3178898093,0.349
SGN,39808122,3218706215,0.354
MEL,38432860,3257139075,0.358
HGH,38266095,3295405170,0.362
MSP,38230943,3333636113,0.367
DOH,37485426,3371121539,0.371
FLL,36192221,3407313760,0.375
DTW,36141953,3443455713,0.379
SAW,35126937,3478582650,0.382
JED,34854963,3513437613,0.386
BOG,34147304,3547584917,0.390
BLR,33919198,3581504115,0.394
DUB,32436141,3613940256,0.397
ZRH,32333772,3646274028,0.401
PHL,32243699,3678517727,0.404
ORY,32138631,3710656358,0.408
VIE,31140162,3741796520,0.411
LGA,30732313,3772528833,0.415
KIX,30659625,3803188458,0.418
LIS,30160691,3833349149,0.421
NKG,29486274,3862835423,0.425
CPH,29449543,3892284966,0.428
MAN,29219442,3921504408,0.431
MXP,28769097,3950273505,0.434
PMI,28634273,3978907778,0.437
CJU,28298164,4007205942,0.441
HAN,28229136,4035435078,0.444
STN,27907304,4063342382,0.447
OSL,27717821,4091060203,0.450
XMN,27158687,4118218890,0.453
CGO,26802787,4145021677,0.456
BWI,26333575,4171355252,0.459
DUS,26316595,4197671847,0.462
YVR,26309396,4223981243,0.464
BRU,25785525,4249766768,0.467
SLC,25586374,4275353142,0.470
WUH,25541277,4300894419,0.473
ATH,25365138,4326259557,0.476
ARN,25364173,4351623730,0.478
DME,25202334,4376826064,0.481
SAN,25181897,4402007961,0.484
LIM,25165344,4427173305,0.487
SCL,25033390,4452206695,0.489
RUH,24820366,4477027061,0.492
CSX,24678185,4501705246,0.495
TAO,24668914,4526374160,0.498
CUN,24667412,4551041572,0.500
BNE,24630567,4575672139,0.503
HYD,24627017,4600299156,0.506
TXL,24219002,4624518158,0.508
IAD,23797703,4648315861,0.511
DPS,23673172,4671989033,0.514
GMP,23652691,4695641724,0.516
URC,23583373,4719225097,0.519
HAK,23426455,4742651552,0.521
MAA,23306436,4765957988,0.524
AYT,23277956,4789235944,0.527
CCU,23264543,4812500487,0.529
DCA,23148134,4835648621,0.532
TSN,22949315,4858597936,0.534
TLV,22890698,4881488634,0.537
CGH,22689601,4904178235,0.539
FUK,22018699,4926196934,0.542
TPA,21784105,4947981039,0.544
HEL,21737926,4969718965,0.546
CTS,21555919,4991274884,0.549
JNB,21120080,5012394964,0.551
KWE,20576521,5032971485,0.553
AUH,20480178,5053451663,0.556
AKL,20466631,5073918294,0.558
HNL,20362514,5094280808,0.560
MDW,20199351,5114480159,0.562
HRB,20152695,5134632854,0.565
YUL,20128465,5154761319,0.567
OKA,20100470,5174861789,0.569
DLC,19726630,5194588419,0.571
PDX,19505884,5214094303,0.573
VKO,19445189,5233539492,0.575
AGP,19377549,5252917041,0.578
SHE,19374337,5272291378,0.580
SYX,19361410,5291652788,0.582
SUB,18658631,5310311419,0.584
GVA,18346193,5328657612,0.586
LTN,18140663,5346798275,0.588
CAI,18017423,5364815698,0.590
WAW,17705245,5382520943,0.592
BNA,17686774,5400207717,0.594
YYC,17557153,5417764870,0.596
HAM,17545466,5435310336,0.598
HKT,17433998,5452744334,0.599
LED,17134803,5469879137,0.601
PUS,16944450,5486823587,0.603
PRG,16856847,5503680434,0.605
BSB,16783311,5520463745,0.607
PTY,16712033,5537175778,0.609
AUS,16638333,5553814111,0.611
DAL,15987376,5569801487,0.612
TNA,15935634,5585737121,0.614
BUD,15771966,5601509087,0.616
MCT,15652241,5617161328,0.618
STL,15554619,5632715947,0.619
NNG,15343612,5648059559,0.621
SJC,15244426,5663303985,0.623
ITM,15095287,5678399272,0.624
KWI,14914293,5693313565,0.626
FOC,14790233,5708103798,0.628
EDI,14744915,5722848713,0.629
ALC,14734423,5737583136,0.631
GDL,14622961,5752206097,0.632
NCE,14409391,5766615488,0.634
OTP,14284214,5780899702,0.636
HOU,14032458,5794932160,0.637
LHW,13971500,5808903660,0.639
DAD,13935325,5822838985,0.640
GIG,13904486,5836743471,0.642
ESB,13875201,5850618672,0.643
BGY,13675150,5864293822,0.645
MSY,13631606,5877925428,0.646
RDU,13625746,5891551174,0.648
CGQ,13341128,5904892302,0.649
PER,13341088,5918233390,0.651
AEP,13206463,5931439853,0.652
OAK,13198156,5944638009,0.654
ADD,13165751,5957803760,0.655
TYN,13063146,5970866906,0.656
STR,12835946,5983702852,0.658
SMF,12804522,5996507374,0.659
BHX,12742963,6009250337,0.661
EZE,12697876,6021948213,0.662
OPO,12647386,6034595599,0.663
CEB,12621020,6047216619,0.665
KHN,12524512,6059741131,0.666
NGO,12407406,6072148537,0.668
CGN,12391662,6084540199,0.669
HET,12356934,6096897133,0.670
WNZ,12142742,6109039875,0.672
ZUH,11975239,6121015114,0.673
LPA,11931251,6132946365,0.674
AMD,11915238,6144861603,0.676
LYS,11713459,6156575062,0.677
ADB,11701641,6168276703,0.678
NGB,11608578,6179885281,0.679
VCE,11583074,6191468355,0.681
MCI,11482345,6202950700,0.682
HFE,11257238,6214207938,0.683
KBP,11223092,6225431030,0.684
CNX,11171932,6236602962,0.686
UPG,11141200,6247744162,0.687
SXF,11056766,6258800928,0.688
MTY,10802977,6269603905,0.689
DAC,10787384,6280391289,0.690
COK,10773335,6291164624,0.692
NAP,10724313,6301888937,0.693
CNF,10644137,6312533074,0.694
SJW,10592327,6323125401,0.695
CMN,10551112,6333676513,0.696
INC,10482898,6344159411,0.697
TFS,10400202,6354559613,0.699
VCP,10343284,6364902897,0.700
SHJ,10299519,6375202416,0.701
SNA,10286917,6385489333,0.702
CMB,10207689,6395697022,0.703
CPT,10191720,6405888742,0.704
CTA,10089812,6415978554,0.705
MRS,10038462,6426017016,0.706
SAT,10021887,6436038903,0.708
RSW,9950211,6445989114,0.709
CLE,9774288,6455763402,0.710
MFM,9760608,6465524010,0.711
BAH,9631453,6475155463,0.712
BKI,9502766,6484658229,0.713
TLS,9495034,6494153263,0.714
YNT,9484792,6503638055,0.715
PIT,9431738,6513069793,0.716
IND,9414566,6522484359,0.717
BLQ,9397772,6531882131,0.718
SJU,9345700,6541227831,0.719
PEN,9040930,6550268761,0.720
MDE,9001596,6559270357,0.721
SDU,8973776,6568244133,0.722
BRS,8943589,6577187722,0.723
ADL,8893500,6586081222,0.724
GLA,8775620,6594856842,0.725
CVG,8769621,6603626463,0.726
FAO,8730888,6612357351,0.727
TIJ,8679207,6621036558,0.728
REC,8671451,6629708009,0.729
GOI,8562883,6638270892,0.730
PNQ,8537035,6646807927,0.731
VLC,8442574,6655250501,0.732
CMH,8383750,6663634251,0.733
BSL,8379798,6672014049,0.734
THR,8378080,6680392129,0.734
BEY,8348199,6688740328,0.735
KRK,8280616,6697020944,0.736
AMM,8227180,6705248124,0.737
JJN,8223823,6713471947,0.738
POA,8170187,6721642134,0.739
KNO,8140645,6729782779,0.740
CRL,8116110,6737898889,0.741
DMM,8109865,6746008754,0.742
KWL,8073899,6754082653,0.743
YEG,8060575,6762143228,0.743
IBZ,8049120,6770192348,0.744
NBO,7950232,6778142580,0.745
WUX,7828083,6785970663,0.746
BOD,7825968,6793796631,0.747
KHH,7714421,6801511052,0.748
ALG,7665577,6809176629,0.749
JOG,7650414,6816827043,0.749
SVQ,7578663,6824405706,0.750
OGG,7560793,6831966499,0.751
SSA,7469132,6839435631,0.752
RIX,7280502,6846716133,0.753
MLA,7217101,6853933234,0.754
KEF,7191452,6861124686,0.754
SWA,7190275,6868314961,0.755
FOR,7187111,6875502072,0.756
MED,7178629,6882680701,0.757
NTE,7170709,6889851410,0.757
XNN,7099438,6896950848,0.758
ACE,6979532,6903930380,0.759
SOF,6963889,6910894269,0.760
JAX,6931436,6917825705,0.761
LCA,6904866,6924730571,0.761
LJG,6892636,6931623207,0.762
CHC,6874486,6938497693,0.763
RGN,6872121,6945369814,0.764
PUJ,6841781,6952211595,0.764
PMO,6819276,6959030871,0.765
PBI,6816931,6965847802,0.766
SKG,6805688,6972653490,0.767
MKE,6797626,6979451116,0.767
KTM,6794242,6986245358,0.768
KHI,6743360,6992988718,0.769
TSA,6735329,6999724047,0.770
BDL,6705110,7006429157,0.770
CXR,6692392,7013121549,0.771
HLP,6642868,7019764417,0.772
LIN,6562480,7026326897,0.772
OOL,6550846,7032877743,0.773
LOS,6523251,7039400994,0.774
PNH,6495219,7045896213,0.775
WLG,6490298,7052386511,0.775
GOT,6474152,7058860663,0.776
RAK,6465922,7065326585,0.777
BPN,6457597,7071784182,0.777
GAU,6444321,7078228503,0.778
CWB,6404129,7084632632,0.779
HER,6359571,7090992203,0.780
TUN,6352658,7097344861,0.780
BFS,6311808,7103656669,0.781
BGO,6295046,7109951715,0.782
OVB,6282327,7116234042,0.782
EIN,6246233,7122480275,0.783
IKA,6158411,7128638686,0.784
HAJ,6126444,7134765130,0.784
KCH,6075980,7140841110,0.785
BUR,5983659,7146824769,0.786
CIA,5934023,7152758792,0.786
TFN,5867989,7158626781,0.787
BIO,5854377,7164481158,0.788
LKO,5755619,7170236777,0.788
BEG,5754355,7175991132,0.789
AER,5723053,7181714185,0.790
HAV,5698703,7187412888,0.790
KOJ,5624711,7193037599,0.791
ALA,5603034,7198640633,0.791
DUR,5593789,7204234422,0.792
SJO,5579190,7209813612,0.793
BRI,5578022,7215391634,0.793
PSA,5508061,7220899695,0.794
ONT,5471686,7226371381,0.794
CTG,5467911,7231839292,0.795
CLO,5440490,7237279782,0.796
ANC,5436694,7242716476,0.796
SVX,5423272,7248139748,0.797
JAI,5409687,7253549435,0.797
NAY,5381134,7258930569,0.798
SJD,5344065,7264274634,0.799
UIO,5335389,7269610023,0.799
ISB,5305676,7274915699,0.800
YOW,5286264,7280201963,0.800
ABQ,5246967,7285448930,0.801
FUE,5230082,7290679012,0.802
NCL,5187501,7295866513,0.802
LCY,5174544,7301041057,0.803
GDN,5138907,7306179964,0.803
MLE,5138735,7311318699,0.804
CNS,5105812,7316424511,0.804
BTH,5102801,7321527312,0.805
JHG,5081714,7326609026,0.806
LPL,5034632,7331643658,0.806
PLM,4992539,7336636197,0.807
OMA,4960315,7341596512,0.807
ADA,4959546,7346556058,0.808
BUF,4936861,7351492919,0.808
SRG,4895409,7356388328,0.809
SAL,4892963,7361281291,0.809
PVR,4819812,7366101103,0.810
TAE,4819186,7370920289,0.810
LHE,4797743,7375718032,0.811
CAG,4785045,7380503077,0.811
CHS,4747310,7385250387,0.812
LXA,4713453,7389963840,0.812
EMA,4702106,7394665946,0.813
MBJ,4680829,7399346775,0.814
MEM,4663801,7404010576,0.814
JHB,4630222,7408640798,0.815
SIP,4606917,7413247715,0.815
HRG,4596959,7417844674,0.816
DVO,4563003,7422407677,0.816
PAT,4535850,7426943527,0.817
REP,4495468,7431438995,0.817
TAS,4422246,7435861241,0.818
MSQ,4412642,7440273883,0.818
TSE,4389848,7444663731,0.818
RIC,4379183,7449042914,0.819
GYD,4374717,7453417631,0.819
YWG,4357894,7457775525,0.820
VNO,4355961,7462131486,0.820
RNO,4347453,7466478939,0.821
TRD,4312365,7470791304,0.821
OKC,4298654,7475089958,0.822
LUX,4271812,7479361770,0.822
KRR,4255338,7483617108,0.823
YHZ,4250754,7487867862,0.823
CRK,4209790,7492077652,0.824
RHO,4184841,7496262493,0.824
SDQ,4157871,7500420364,0.825
SDF,4130552,7504550916,0.825
BOI,4116610,7508667526,0.826
ABV,4110600,7512778126,0.826
SVG,4108854,7516886980,0.826
NUE,4088807,7520975787,0.827
ORF,4063086,7525038873,0.827
BBI,4059867,7529098740,0.828
TRN,4057459,7533156199,0.828
MHD,4047866,7537204065,0.829
BVA,4020847,7541224912,0.829
GYE,4005382,7545230294,0.830
LBA,4000937,7549231231,0.830
PNK,3980877,7553212108,0.830
DLM,3970716,7557182824,0.831
PVD,3966327,7561149151,0.831
TRV,3938500,7565087651,0.832
MIG,3938172,7569025823,0.832
CUZ,3902008,7572927831,0.833
GEG,3888506,7576816337,0.833
TBS,3847816,7580664153,0.833
NAS,3824229,7584488382,0.834
AHB,3822444,7588310826,0.834
KOA,3795347,7592106173,0.835
HDY,3774748,7595880921,0.835
ECN,3774631,7599655552,0.836
MRU,3763471,7603419023,0.836
KBV,3763262,7607182285,0.836
FLN,3763030,7610945315,0.837
GUM,3745017,7614690332,0.837
BJV,3683024,7618373356,0.838
KTW,3675405,7622048761,0.838
TUS,3668314,7625717075,0.838
TZX,3630047,7629347122,0.839
CCJ,3613240,7632960362,0.839
GRR,3582595,7636542957,0.840
CZX,3575215,7640118172,0.840
PKU,3540594,7643658766,0.840
BEL,3526723,7647185489,0.841
VRN,3504914,7650690403,0.841
BDJ,3496493,7654186896,0.842
PDG,3491869,7657678765,0.842
LGB,3486258,7661165023,0.842
VVI,3477271,7664642294,0.843
ELP,3437097,7668079391,0.843
TSF,3426206,7671505597,0.843
COR,3415790,7674921387,0.844
TIA,3412110,7678333497,0.844
ZAG,3378569,7681712066,0.845
PQC,3375671,7685087737,0.845
MAH,3349313,7688437050,0.845
IXB,3346595,7691783645,0.846
BGW,3339960,7695123605,0.846
CBR,3316509,7698440114,0.846
SDJ,3310051,7701750165,0.847
GUA,3269418,7705019583,0.847
NAG,3258134,7708277717,0.847
VIX,3252856,7711530573,0.848
VNS,3224518,7714755091,0.848
LIH,3223957,7717979048,0.849
POS,3206800,7721185848,0.849
LOP,3206000,7724391848,0.849
WRO,3185753,7727577601,0.850
BDO,3183514,7730761115,0.850
GYN,3177287,7733938402,0.850
IDR,3175633,7737114035,0.851
VVO,3159806,7740273841,0.851
CJB,3152576,7743426417,0.851
BLL,3149345,7746575762,0.852
SFB,3136784,7749712546,0.852
OLB,3087470,7752800016,0.852
KNH,3084174,7755884190,0.853
KRT,3082656,7758966846,0.853
WMI,3063370,7762030216,0.853
MZG,3063275,7765093491,0.854
SPU,3063164,7768156655,0.854
ZHA,3049134,7771205789,0.854
KMJ,3046930,7774252719,0.855
BHM,3042018,7777294737,0.855
ALB,3041722,7780336459,0.855
SXR,3036320,7783372779,0.856
TUL,3029281,7786402060,0.856
NTG,3023399,7789425459,0.856
SUF,3014337,7792439796,0.857
EVN,3012918,7795452714,0.857
UKB,2997324,7798450038,0.857
LGK,2995969,7801446007,0.858
CGB,2959999,7804406006,0.858
MYJ,2957327,7807363333,0.858
RMQ,2955960,7810319293,0.859
NGS,2953709,7813273002,0.859
MAO,2953381,7816226383,0.859
KIV,2945653,7819172036,0.860
VTZ,2933543,7822105579,0.860
YIH,2931862,7825037441,0.860
SAV,2931109,7827968550,0.861
KZN,2924751,7830893301,0.861
CFU,2923640,7833816941,0.861
CCS,2897854,7836714795,0.862
YTZ,2895092,7839609887,0.862
FNC,2890064,7842499951,0.862
HIJ,2875902,7845375853,0.863
DSM,2874857,7848250710,0.863
TLL,2874641,7851125351,0.863
ILO,2864962,7853990313,0.863
SCQ,2860657,7856850970,0.864
FLR,2855139,7859706109,0.864
CEI,2838785,7862544894,0.864
PFO,2835643,7865380537,0.865
ROV,2834417,7868214954,0.865
MDC,2827216,7871042170,0.865
CJJ,2814909,7873857079,0.866
SZB,2813650,7876670729,0.866
ACC,2813125,7879483854,0.866
HBA,2802091,7882285945,0.867
ATQ,2797855,7885083800,0.867
WEH,2793882,7887877682,0.867
DJJ,2760181,7890637863,0.868
CLJ,2754203,7893392066,0.868
LPB,2753575,7896145641,0.868
DYG,2748004,7898893645,0.868
MID,2734840,7901628485,0.869
DBV,2729472,7904357957,0.869
XUZ,2728197,7907086154,0.869
BAQ,2720493,7909806647,0.870
DTM,2720203,7912526850,0.870
AUA,2714119,7915240969,0.870
BJX,2691570,7917932539,0.871
HUZ,2686863,7920619402,0.871
BDS,2652033,7923271435,0.871
IEV,2628973,7925900408,0.871
PSP,2627646,7928528054,0.872
KUF,2626652,7931154706,0.872
BMA,2615410,7933770116,0.872
KMI,2612574,7936382690,0.873
MYR,2584760,7938967450,0.873
ROC,2581217,7941548667,0.873
SYR,2568727,7944117394,0.873
ORK,2560180,7946677574,0.874
UFA,2557631,7949235205,0.874
IXR,2550420,7951785625,0.874
YTY,2549626,7954335251,0.875
DSS,2543807,7956879058,0.875
UTH,2540981,7959420039,0.875
KLO,2537394,7961957433,0.875
VTE,2522633,7964480066,0.876
GSP,2517880,7966997946,0.876
KHG,2512387,7969510333,0.876
CBB,2511241,7972021574,0.876
HPH,2508772,7974530346,0.877
HLD,2502814,7977033160,0.877
NAN,2483476,7979516636,0.877
BHD,2481005,7981997641,0.878
TYS,2461754,7984459395,0.878
MYY,2459291,7986918686,0.878
YCU,2433573,7989352259,0.878
ABZ,2431143,7991783402,0.879
CUL,2420469,7994203871,0.879
LEJ,2420264,7996624135,0.879
ISG,2419903,7999044038,0.879
ZQN,2414880,8001458918,0.880
GZT,2410416,8003869334,0.880
BHY,2408445,8006277779,0.880
NYO,2407717,8008685496,0.880
DSN,2403087,8011088583,0.881
UYN,2390163,8013478746,0.881
BGI,2388028,8015866774,0.881
IKT,2381899,8018248673,0.882
RUN,2371229,8020619902,0.882
TKG,2353287,8022973189,0.882
MRV,2345791,8025318980,0.882
GIZ,2335100,8027654080,0.883
RPR,2334958,8029989038,0.883
KJA,2332943,8032321981,0.883
IXC,2325003,8034646984,0.883
KRL,2321679,8036968663,0.884
SKP,2320901,8039289564,0.884
CJC,2320772,8041610336,0.884
MSN,2307681,8043918017,0.884
IGU,2302212,8046220229,0.885
NAT,2300168,8048520397,0.885
DAR,2286669,8050807066,0.885
CGY,2284675,8053091741,0.885
ABJ,2284119,8055375860,0.886
ASB,2282769,8057658629,0.886
SMR,2274915,8059933544,0.886
PPS,2269295,8062202839,0.886
USM,2269030,8064471869,0.887
TOS,2265899,8066737768,0.887
KGD,2253266,8068991034,0.887
PNS,2251337,8071242371,0.887
YLW,2242616,8073484987,0.888
ANF,2241368,8075726355,0.888
BRE,2236196,8077962551,0.888
PTP,2235974,8080198525,0.888
PIE,2231653,8082430178,0.889
KOE,2230839,8084661017,0.889
CHQ,2227550,8086888567,0.889
MDZ,2227152,8089115719,0.889
PRN,2226110,8091341829,0.890
KBL,2224128,8093565957,0.890
KGS,2215082,8095781039,0.890
PWM,2215027,8097996066,0.890
JTR,2207917,8100203983,0.891
LIT,2205613,8102409596,0.891
ASR,2202432,8104612028,0.891
HBE,2190190,8106802218,0.891
LYI,2169840,8108972058,0.892
DRW,2169007,8111141065,0.892
LAD,2161155,8113302220,0.892
GSO,2157064,8115459284,0.892
TRF,2153760,8117613044,0.892
LUM,2149261,8119762305,0.893
BAV,2139843,8121902148,0.893
ADZ,2139513,8124041661,0.893
MDL,2132637,8126174298,0.893
SOC,2127295,8128301593,0.894
KHV,2124413,8130426006,0.894
KOS,2119562,8132545568,0.894
BTS,2111321,8134656889,0.894
MCZ,2106702,8136763591,0.895
TAK,2106178,8138869769,0.895
LIL,2103589,8140973358,0.895
SYZ,2096960,8143070318,0.895
HIA,2095781,8145166099,0.896
SSH,2080696,8147246795,0.896
BZE,2073260,8149320055,0.896
AGA,2071565,8151391620,0.896
YYJ,2063641,8153455261,0.896
PGK,2061284,8155516545,0.897
SOQ,2023814,8157540359,0.897
YNZ,2016677,8159557036,0.897
HLA,2001709,8161558745,0.897
VII,2000935,8163559680,0.898
FRU,1995984,8165555664,0.898
MVD,1995463,8167551127,0.898
SEN,1981757,8169532884,0.898
YIW,1976947,8171509831,0.898
MMX,1975299,8173485130,0.899
BOJ,1974365,8175459495,0.899
KWJ,1955077,8177414572,0.899
FDF,1953241,8179367813,0.899
MPH,1950609,8181318422,0.899
IXE,1950478,8183268900,0.900
POM,1945490,8185214390,0.900
MPL,1938943,8187153333,0.900
KKC,1938013,8189091346,0.900
DLU,1937094,8191028440,0.901
FAT,1935967,8192964407,0.901
TJM,1933462,8194897869,0.901
AQP,1924501,8196822370,0.901
BGA,1923824,8198746194,0.901
POZ,1899746,8200645940,0.902
ZYI,1896527,8202542467,0.902
NVT,1893171,8204435638,0.902
EBL,1889879,8206325517,0.902
NJF,1886037,8208211554,0.902
SRQ,1884887,8210096441,0.903
HUI,1877804,8211974245,0.903
PEI,1876244,8213850489,0.903
YQB,1875618,8215726107,0.903
URT,1863609,8217589716,0.903
SBW,1860881,8219450597,0.904
GRO,1859729,8221310326,0.904
DLI,1859326,8223169652,0.904
YNJ,1857486,8225027138,0.904
PMC,1850578,8226877716,0.904
KBR,1843449,8228721165,0.905
BWN,1842088,8230563253,0.905
CGP,1839904,8232403157,0.905
IXZ,1825167,8234228324,0.905
LZO,1822575,8236050899,0.905
ORN,1816471,8237867370,0.906
TSV,1816049,8239683419,0.906
HMO,1810078,8241493497,0.906
STV,1809389,8243302886,0.906
PDL,1799060,8245101946,0.906
BPS,1798720,8246900666,0.907
TWU,1782606,8248683272,0.907
BOO,1775671,8250458943,0.907
XNA,1773991,8252232934,0.907
SOU,1773985,8254006919,0.907
KIN,1768780,8255775699,0.908
AKU,1768352,8257544051,0.908
PLZ,1766846,8259310897,0.908
UBP,1751766,8261062663,0.908
AZA,1750231,8262812894,0.908
PKX,1749570,8264562464,0.909
MHT,1746198,8266308662,0.909
IXJ,1744905,8268053567,0.909
FMM,1742908,8269796475,0.909
EBB,1741148,8271537623,0.909
LJU,1732613,8273270236,0.910
ICT,1731442,8275001678,0.910
DAY,1727670,8276729348,0.910
LWO,1719519,8278448867,0.910
TUU,1705963,8280154830,0.910
CIF,1703403,8281858233,0.911
HPN,1701222,8283559455,0.911
BCD,1699922,8285259377,0.911
RTM,1698175,8286957552,0.911
TRZ,1691654,8288649206,0.911
DIY,1688339,8290337545,0.911
COS,1684329,8292021874,0.912
CUU,1680937,8293702811,0.912
JER,1677628,8295380439,0.912
MMY,1676564,8297057003,0.912
KOW,1671074,8298728077,0.912
KCZ,1667252,8300395329,0.913
KMQ,1666736,8302062065,0.913
STI,1663409,8303725474,0.913
SGC,1662541,8305388015,0.913
CCP,1657037,8307045052,0.913
HTN,1654071,8308699123,0.913
SLZ,1653662,8310352785,0.914
OIT,1642443,8311995228,0.914
CWL,1641606,8313636834,0.914
VPS,1633798,8315270632,0.914
DJB,1631008,8316901640,0.914
PLW,1622252,8318523892,0.915
IXM,1618840,8320142732,0.915
SZG,1614877,8321757609,0.915
XFN,1614304,8323371913,0.915
TSR,1604084,8324975997,0.915
YXE,1602395,8326578392,0.915
LYG,1593764,8328172156,0.916
PGD,1593448,8329765604,0.916
AVL,1589404,8331355008,0.916
CJS,1587308,8332942316,0.916
YIN,1585960,8334528276,0.916
TRK,1581315,8336109591,0.916
LZH,1579105,8337688696,0.917
SNN,1577459,8339266155,0.917
FEZ,1576580,8340842735,0.917
IQQ,1574247,8342416982,0.917
BZN,1570473,8343987455,0.917
OKJ,1554119,8345541574,0.918
ELQ,1553529,8347095103,0.918
UTP,1552425,8348647528,0.918
ISP,1549163,8350196691,0.918
CGR,1548869,8351745560,0.918
BRC,1545345,8353290905,0.918
GOA,1526441,8354817346,0.919
CNN,1518834,8356336180,0.919
JMK,1516629,8357852809,0.919
ODS,1515966,8359368775,0.919
YYT,1515609,8360884384,0.919
AJA,1511282,8362395666,0.919
DJE,1503396,8363899062,0.920
DRS,1497031,8365396093,0.920
CEK,1495842,8366891935,0.920
MDT,1495697,8368387632,0.920
AAQ,1495382,8369883014,0.920
PEE,1492417,8371375431,0.920
SPC,1476324,8372851755,0.921
VER,1475681,8374327436,0.921
TGZ,1475559,8375802995,0.921
DWC,1469517,8377272512,0.921
VAR,1468738,8378741250,0.921
AAL,1458548,8380199798,0.921
ASU,1458327,8381658125,0.922
HHN,1456830,8383114955,0.922
BIA,1453757,8384568712,0.922
UDR,1450379,8386019091,0.922
AXT,1445633,8387464724,0.922
TCZ,1443940,8388908664,0.922
SXB,1433328,8390341992,0.922
SXM,1433184,8391775176,0.923
SZF,1431990,8393207166,0.923
LST,1425753,8394632919,0.923
KGL,1423194,8396056113,0.923
HKD,1421158,8397477271,0.923
UIH,1420053,8398897324,0.923
DED,1419239,8400316563,0.924
HSN,1417666,8401734229,0.924
HSV,1413337,8403147566,0.924
ZIA,1409851,8404557417,0.924
LEX,1408048,8405965465,0.924
DYU,1406197,8407371662,0.924
AMQ,1405597,8408777259,0.924
VCA,1405003,8410182262,0.925
IXA,1404584,8411586846,0.925
ZTH,1401358,8412988204,0.925
MCX,1398288,8414386492,0.925
LYA,1397507,8415783999,0.925
TNG,1396396,8417180395,0.925
CUR,1391668,8418572063,0.926
OVD,1390431,8419962494,0.926
DSA,1387590,8421350084,0.926
TAG,1386155,8422736239,0.926
BTV,1381491,8424117730,0.926
IGR,1379887,8425497617,0.926
OSS,1371603,8426869220,0.926
GCM,1370904,8428240124,0.927
BHO,1369297,8429609421,0.927
PEW,1362666,8430972087,0.927
VAN,1361219,8432333306,0.927
AHO,1360170,8433693476,0.927
MAF,1356454,8435049930,0.927
SLL,1355037,8436404967,0.928
JPA,1354504,8437759471,0.928
TKS,1353319,8439112790,0.928
NTL,1349950,8440462740,0.928
MBA,1348830,8441811570,0.928
CID,1338928,8443150498,0.928
LCG,1335511,8444486009,0.928
WMT,1334011,8445820020,0.929
FKB,1332350,8447152370,0.929
TAC,1329759,8448482129,0.929
PAP,1325615,8449807744,0.929
IMF,1324380,8451132124,0.929
STT,1323192,8452455316,0.929
HAS,1320065,8453775381,0.929
CAE,1319464,8455094845,0.930
PUQ,1317581,8456412426,0.930
MCY,1317503,8457729929,0.930
SEZ,1301952,8459031881,0.930
VRA,1298369,8460330250,0.930
MIR,1296504,8461626754,0.930
NST,1286598,8462913352,0.930
SLA,1285782,8464199134,0.931
WDS,1282942,8465482076,0.931
SID,1280909,8466762985,0.931
ENH,1272121,8468035106,0.931
VGA,1271555,8469306661,0.931
AVV,1265358,8470572019,0.931
ZNZ,1263011,8471835030,0.931
GRX,1262492,8473097522,0.932
PLS,1262225,8474359747,0.932
HYN,1255002,8475614749,0.932
NRN,1254766,8476869515,0.932
TGD,1252937,8478122452,0.932
ULN,1246513,8479368965,0.932
PPT,1243885,8480612850,0.932
IAS,1240355,8481853205,0.933
AWZ,1238411,8483091616,0.933
ECP,1234211,8484325827,0.933
MPM,1232427,8485558254,0.933
BDQ,1232277,8486790531,0.933
BTU,1229762,8488020293,0.933
YQR,1229524,8489249817,0.933
LSC,1220117,8490469934,0.933
VSA,1215957,8491685891,0.934
HTY,1214601,8492900492,0.934
MGA,1214581,8494115073,0.934
AOJ,1214408,8495329481,0.934
BSD,1210939,8496540420,0.934
ACX,1205900,8497746320,0.934
KDI,1198902,8498945222,0.934
BES,1197308,8500142530,0.935
EUG,1192201,8501334731,0.935
OMS,1192174,8502526905,0.935
ITO,1187361,8503714266,0.935
UUS,1184266,8504898532,0.935
LIR,1181775,8506080307,0.935
VOG,1179726,8507260033,0.935
SGF,1178763,8508438796,0.935
MXL,1177207,8509616003,0.936
DAT,1173919,8510789922,0.936
SDR,1172230,8511962152,0.936
FAI,1169546,8513131698,0.936
UDI,1169378,8514301076,0.936
KUN,1168492,8515469568,0.936
HRE,1168372,8516637940,0.936
ZAM,1162810,8517800750,0.936
MUX,1157255,8518958005,0.937
THE,1154278,8520112283,0.937
FSD,1154197,8521266480,0.937
OAX,1152717,8522419197,0.937
YKS,1148210,8523567407,0.937
IQT,1146621,8524714028,0.937
QRO,1145740,8525859768,0.937
SJJ,1143495,8527003263,0.937
XIC,1140677,8528143940,0.938
EOH,1131268,8529275208,0.938
TIF,1125065,8530400273,0.938
AES,1124567,8531524840,0.938
JAN,1119722,8532644562,0.938
NQN,1117685,8533762247,0.938
AJU,1115068,8534877315,0.938
XRY,1114839,8535992154,0.938
BIQ,1111991,8537104145,0.939
SDK,1106751,8538210896,0.939
KIJ,1104828,8539315724,0.939
TNR,1103835,8540419559,0.939
LLA,1103607,8541523166,0.939
CHA,1101908,8542625074,0.939
SAP,1101331,8543726405,0.939
TAB,1096519,8544822924,0.939
KRY,1094782,8545917706,0.940
OUL,1093973,8547011679,0.940
DUD,1090471,8548102150,0.940
RBA,1089825,8549191975,0.940
MLG,1087298,8550279273,0.940
RMU,1083721,8551362994,0.940
ILM,1082617,8552445611,0.940
KKJ,1080825,8553526436,0.940
NSN,1079772,8554606208,0.941
BTJ,1079060,8555685268,0.941
NNY,1072135,8556757403,0.941
KRS,1071879,8557829282,0.941
WXN,1069296,8558898578,0.941
MDG,1067853,8559966431,0.941
PIU,1067072,8561033503,0.941
CUC,1065419,8562098922,0.941
MFR,1062178,8563161100,0.941
ACY,1060399,8564221499,0.942
TBZ,1057353,8565278852,0.942
TIV,1054614,8566333466,0.942
OGU,1052521,8567385987,0.942
LBB,1046011,8568431998,0.942
MZT,1044111,8569476109,0.942
ASJ,1043927,8570520036,0.942
SPN,1043699,8571563735,0.942
DLA,1038356,8572602091,0.942
ANU,1034671,8573636762,0.943
VGO,1032759,8574669521,0.943
GES,1032700,8575702221,0.943
MTR,1032101,8576734322,0.943
ZCO,1025160,8577759482,0.943
TGG,1024693,8578784175,0.943
NKM,1024524,8579808699,0.943
RMF,1019071,8580827770,0.943
FIH,1016649,8581844419,0.944
TJQ,1007155,8582851574,0.944
CGD,1006418,8583857992,0.944
REU,1004607,8584862599,0.944
TGO,1001010,8585863609,0.944
WDH,999689,8586863298,0.944
EXT,996900,8587860198,0.944
ERZ,994214,8588854412,0.944
JNG,993204,8589847616,0.944
LDB,988451,8590836067,0.944
CZL,987089,8591823156,0.945
EYW,986264,8592809420,0.945
INN,985984,8593795404,0.945
SBA,985869,8594781273,0.945
USH,983676,8595764949,0.945
LAP,983159,8596748108,0.945
AOR,974814,8597722922,0.945
IZO,973545,8598696467,0.945
TIR,971805,8599668272,0.945
YXX,962436,8600630708,0.946
UME,959678,8601590386,0.946
BFJ,959077,8602549463,0.946
FAR,957473,8603506936,0.946
RDM,956360,8604463296,0.946
KYA,955539,8605418835,0.946
THD,955462,8606374297,0.946
NAO,954216,8607328513,0.946
SPR,954215,8608282728,0.946
DNH,950844,8609233572,0.947
LPQ,944873,8610178445,0.947
GOJ,942612,8611121057,0.947
BIL,941846,8612062903,0.947
FMO,940753,8613003656,0.947
MWX,939741,8613943397,0.947
TEN,930537,8614873934,0.947
LEI,928405,8615802339,0.947
MMK,926969,8616729308,0.947
INV,925209,8617654517,0.947
LUN,915717,8618570234,0.948
ARI,913715,8619483949,0.948
RAO,913330,8620397279,0.948
BKO,913187,8621310466,0.948
HRK,911348,8622221814,0.948
PHC,910967,8623132781,0.948
TUC,910764,8624043545,0.948
TPP,910740,8624954285,0.948
TTN,910649,8625864934,0.948
MSO,908007,8626772941,0.948
MKY,906172,8627679113,0.949
ABE,903465,8628582578,0.949
HDG,902149,8629484727,0.949
EZS,900408,8630385135,0.949
KUT,900163,8631285298,0.949
BMV,898666,8632183964,0.949
TTE,895797,8633079761,0.949
JAC,895402,8633975163,0.949
DQA,893819,8634868982,0.949
HEH,893418,8635762400,0.949
HNY,887041,8636649441,0.950
SKT,884346,8637533787,0.950
GRZ,881918,8638415705,0.950
PSC,880475,8639296180,0.950
BKS,880248,8640176428,0.950
BDA,873961,8641050389,0.950
RIZ,873815,8641924204,0.950
VCL,873422,8642797626,0.950
SCO,872094,8643669720,0.950
YBP,869748,8644539468,0.950
LFW,862875,8645402343,0.950
RNS,861410,8646263753,0.951
HUX,860790,8647124543,0.951
YHM,860572,8647985115,0.951
MLM,857581,8648842696,0.951
PKY,856734,8649699430,0.951
ELS,854906,8650554336,0.951
YQT,851812,8651406148,0.951
IOM,849169,8652255317,0.951
JRO,848692,8653104009,0.951
CAK,842338,8653946347,0.951
FSZ,839794,8654786141,0.952
AGU,837393,8655623534,0.952
NUX,835447,8656458981,0.952
LBV,832194,8657291175,0.952
TLH,831149,8658122324,0.952
NBE,830351,8658952675,0.952
ACA,827914,8659780589,0.952
AKJ,827253,8660607842,0.952
SBN,827110,8661434952,0.952
GZP,827060,8662262012,0.952
TXN,825185,8663087197,0.952
CIH,821137,8663908334,0.953
FWA,820502,8664728836,0.953
IXL,820465,8665549301,0.953
DOY,820447,8666369748,0.953
IBR,816900,8667186648,0.953
JNU,816577,8668003225,0.953
MFE,814725,8668817950,0.953
NDR,812791,8669630741,0.953
KIH,811441,8670442182,0.953
JGS,808937,8671251119,0.953
SRI,803564,8672054683,0.953
JMU,800260,8672854943,0.954
FUO,800211,8673655154,0.954
HSG,800009,8674455163,0.954
BSR,799718,8675254881,0.954
DGT,798817,8676053698,0.954
BTR,798563,8676852261,0.954
GCI,796222,8677648483,0.954
NOC,792683,8678441166,0.954
ATW,792300,8679233466,0.954
TIP,792284,8680025750,0.954
HLH,791917,8680817667,0.954
IFN,785787,8681603454,0.954
SYM,785174,8682388628,0.955
KUH,782914,8683171542,0.955
ZAD,781522,8683953064,0.955
GUW,778989,8684732053,0.955
NPE,775892,8685507945,0.955
CHO,775566,8686283511,0.955
YNB,773910,8687057421,0.955
UBJ,772667,8687830088,0.955
SJP,770102,8688600190,0.955
PVH,767269,8689367459,0.955
CIT,763867,8690131326,0.955
ENY,763833,8690895159,0.955
FUG,762275,8691657434,0.956
BOH,756657,8692414091,0.956
REN,754303,8693168394,0.956
LBJ,753680,8693922074,0.956
POP,753222,8694675296,0.956
YGJ,745468,8695420764,0.956
XIL,742859,8696163623,0.956
TRS,742839,8696906462,0.956
PBC,741647,8697648109,0.956
BQN,741624,8698389733,0.956
ARH,738375,8699128108,0.956
MLI,732577,8699860685,0.956
RZE,732320,8700593005,0.957
TAM,729888,8701322893,0.957
FSC,729846,8702052739,0.957
ROA,727559,8702780298,0.957
EVE,726505,8703506803,0.957
NBC,725189,8704231992,0.957
AAP,724791,8704956783,0.957
MMB,724662,8705681445,0.957
PUY,724470,8706405915,0.957
YZF,724259,8707130174,0.957
SBZ,723872,8707854046,0.957
AMA,723156,8708577202,0.957
SNU,722531,8709299733,0.958
MLX,721488,8710021221,0.958
BND,721239,8710742460,0.958
CIX,720168,8711462628,0.958
PSR,719562,8712182190,0.958
VOZ,718609,8712900799,0.958
PKC,718299,8713619098,0.958
PHS,717261,8714336359,0.958
RAP,716949,8715053308,0.958
LZY,716138,8715769446,0.958
FCA,715038,8716484484,0.958
FTE,713474,8717197958,0.958
UVF,710609,8717908567,0.958
LXR,708753,8718617320,0.959
EFL,708540,8719325860,0.959
MGF,707951,8720033811,0.959
GNY,707223,8720741034,0.959
SAG,706487,8721447521,0.959
LGP,702627,8722150148,0.959
HOG,701551,8722851699,0.959
GRB,699508,8723551207,0.959
ROS,698114,8724249321,0.959
NBS,696887,8724946208,0.959
PIA,692863,8725639071,0.959
DAB,692826,8726331897,0.959
TGU,692556,8727024453,0.959
LBU,692387,8727716840,0.960
TRC,691384,8728408224,0.960
BBA,689107,8729097331,0.960
PAE,688065,8729785396,0.960
RAI,687839,8730473235,0.960
PKN,685319,8731158554,0.960
MOB,683060,8731841614,0.960
PMR,680882,8732522496,0.960
YXU,680696,8733203192,0.960
GOP,680426,8733883618,0.960
LBD,680170,8734563788,0.960
PCL,675801,8735239589,0.960
PXU,675747,8735915336,0.960
YQM,675463,8736590799,0.961
DIG,674470,8737265269,0.961
HRL,668758,8737934027,0.961
GRJ,667986,8738602013,0.961
MLH,663062,8739265075,0.961
CRD,662695,8739927770,0.961
CRP,660811,8740588581,0.961
BLI,660336,8741248917,0.961
AGS,659222,8741908139,0.961
PMV,658332,8742566471,0.961
SHV,657265,8743223736,0.961
TOF,656836,8743880572,0.961
PUF,655431,8744536003,0.961
TST,649458,8745185461,0.961
COO,647217,8745832678,0.962
USU,646142,8746478820,0.962
JGN,645157,8747123977,0.962
OUD,643278,8747767255,0.962
RSU,641510,8748408765,0.962
PAD,641169,8749049934,0.962
NJC,640318,8749690252,0.962
RVN,640132,8750330384,0.962
LFQ,638855,8750969239,0.962
PIK,638426,8751607665,0.962
BIS,634237,8752241902,0.962
TIM,634133,8752876035,0.962
BXU,633084,8753509119,0.962
YMM,632164,8754141283,0.962
HBX,632037,8754773320,0.963
PBM,627102,8755400422,0.963
BGR,625619,8756026041,0.963
MKW,624361,8756650402,0.963
KER,624113,8757274515,0.963
ROK,621883,8757896398,0.963
CPO,620053,8758516451,0.963
TER,620032,8759136483,0.963
ASF,619201,8759755684,0.963
TRU,619140,8760374824,0.963
ASP,618878,8760993702,0.963
OUA,616309,8761610011,0.963
MXZ,615180,8762225191,0.963
SLP,615046,8762840237,0.963
PMW,613648,8763453885,0.963
MJI,612204,8764066089,0.964
ASE,611559,8764677648,0.964
HAU,611250,8765288898,0.964
AAT,610568,8765899466,0.964
FNT,609043,8766508509,0.964
TZL,603895,8767112404,0.964
BAR,603592,8767715996,0.964
ETM,602210,8768318206,0.964
WUS,601321,8768919527,0.964
AVP,600933,8769520460,0.964
KAN,600429,8770120889,0.964
OBO,599849,8770720738,0.964
MCP,599003,8771319741,0.964
CCC,594185,8771913926,0.964
DNZ,593611,8772507537,0.964
GEO,593295,8773100832,0.965
BUS,592336,8773693168,0.965
TLC,589278,8774282446,0.965
ZIH,587787,8774870233,0.965
TOY,584368,8775454601,0.965
ZYL,582959,8776037560,0.965
GPT,582387,8776619947,0.965
WIL,581115,8777201062,0.965
BQS,580182,8777781244,0.965
CKY,579951,8778361195,0.965
SWF,575975,8778937170,0.965
SRE,574696,8779511866,0.965
NSK,572385,8780084251,0.965
TVC,572143,8780656394,0.965
GTO,569013,8781225407,0.965
BWX,568618,8781794025,0.965
DEB,568431,8782362456,0.966
YXS,567474,8782929930,0.966
NSI,566067,8783495997,0.966
AJF,565354,8784061351,0.966
MQM,560975,8784622326,0.966
PZI,560974,8785183300,0.966
LYP,557305,8785740605,0.966
HNA,555381,8786295986,0.966
HZG,555326,8786851312,0.966
XAI,554336,8787405648,0.966
TNN,553043,8787958691,0.966
NOU,552691,8788511382,0.966
JOI,551162,8789062544,0.966
CXB,551105,8789613649,0.966
BNK,548451,8790162100,0.966
SMQ,545729,8790707829,0.966
IWK,544196,8791252025,0.967
LNJ,542560,8791794585,0.967
LFT,542127,8792336712,0.967
PBH,540656,8792877368,0.967
CJA,537077,8793414445,0.967
JDO,535805,8793950250,0.967
CAY,535369,8794485619,0.967
BAL,532334,8795017953,0.967
VLI,531885,8795549838,0.967
STM,531147,8796080985,0.967
ABD,531024,8796612009,0.967
CZM,530704,8797142713,0.967
GNV,529452,8797672165,0.967
SBP,528309,8798200474,0.967
WUA,526246,8798726720,0.967
SSG,524767,8799251487,0.967
KJT,522944,8799774431,0.967
ISU,522431,8800296862,0.968
ASW,522255,8800819117,0.968
TRG,519560,8801338677,0.968
BVC,518450,8801857127,0.968
BJL,515921,8802373048,0.968
KSY,514849,8802887897,0.968
IOS,514371,8803402268,0.968
GJT,513604,8803915872,0.968
AAR,513169,8804429041,0.968
SCW,513062,8804942103,0.968
DAM,512854,8805454957,0.968
SZZ,512025,8805966982,0.968
BZV,511524,8806478506,0.968
DAX,511005,8806989511,0.968
GND,510861,8807500372,0.968
HTI,509267,8808009639,0.968
SKD,506355,8808515994,0.968
KTG,506098,8809022092,0.968
EVV,505697,8809527789,0.969
STX,505223,8810033012,0.969
KSC,504914,8810537926,0.969
HMB,504607,8811042533,0.969
GBE,503893,8811546426,0.969
CRA,503735,8812050161,0.969
YCD,502701,8812552862,0.969
OGZ,499572,8813052434,0.969
EIS,498625,8813551059,0.969
KTA,494494,8814045553,0.969
VBY,492698,8814538251,0.969
PVK,492381,8815030632,0.969
NYU,492156,8815522788,0.969
JMJ,491392,8816014180,0.969
BAX,490926,8816505106,0.969
TLN,490845,8816995951,0.969
AYQ,490429,8817486380,0.969
AAE,489962,8817976342,0.969
TTJ,489345,8818465687,0.970
GPS,488959,8818954646,0.970
GIB,487574,8819442220,0.970
BEJ,487308,8819929528,0.970
IPH,486972,8820416500,0.970
YIC,486326,8820902826,0.970
VAS,486160,8821388986,0.970
STS,485764,8821874750,0.970
OSD,485223,8822359973,0.970
MLB,484231,8822844204,0.970
MKQ,482856,8823327060,0.970
NIM,482094,8823809154,0.970
XAP,480735,8824289889,0.970
DIB,479670,8824769559,0.970
BCM,478759,8825248318,0.970
CRW,477839,8825726157,0.970
GRV,477483,8826203640,0.970
WMX,476807,8826680447,0.970
NAV,476635,8827157082,0.970
TZA,475296,8827632378,0.971
JDH,474595,8828106973,0.971
VDH,474167,8828581140,0.971
SYO,474148,8829055288,0.971
CRZ,471799,8829527087,0.971
AOI,471644,8829998731,0.971
DGO,471438,8830470169,0.971
TCQ,470386,8830940555,0.971
REX,470301,8831410856,0.971
MRY,469444,8831880300,0.971
GYS,466060,8832346360,0.971
NPL,465548,8832811908,0.971
MJT,463178,8833275086,0.971
FAY,462319,8833737405,0.971
NQY,461221,8834198626,0.971
UET,461126,8834659752,0.971
VUP,458486,8835118238,0.971
ZCL,457526,8835575764,0.971
RAR,457010,8836032774,0.971
IJK,456137,8836488911,0.972
YQQ,455815,8836944726,0.972
TAZ,455750,8837400476,0.972
YYA,455626,8837856102,0.972
BPE,454197,8838310299,0.972
ZAZ,453015,8838763314,0.972
PKR,452234,8839215548,0.972
KSH,449208,8839664756,0.972
INI,449142,8840113898,0.972
KTN,448695,8840562593,0.972
YQU,447683,8841010276,0.972
KUA,447068,8841457344,0.972
HTA,446467,8841903811,0.972
BFN,445984,8842349795,0.972
BRQ,445110,8842794905,0.972
BHH,444897,8843239802,0.972
NDG,444609,8843684411,0.972
JUL,444078,8844128489,0.972
NWI,443730,8844572219,0.972
VCS,443682,8845015901,0.972
PPP,443579,8845459480,0.972
VFA,441505,8845900985,0.973
LAE,440575,8846341560,0.973
PGF,440481,8846782041,0.973
ABT,439108,8847221149,0.973
TRI,439045,8847660194,0.973
HMA,438045,8848098239,0.973
STW,436958,8848535197,0.973
PHF,436042,8848971239,0.973
WEF,435400,8849406639,0.973
BPX,434519,8849841158,0.973
LLW,434004,8850275162,0.973
VLN,432361,8850707523,0.973
YFC,431831,8851139354,0.973
KIS,431574,8851570928,0.973
QOW,431262,8852002190,0.973
PNZ,430549,8852432739,0.973
OST,429659,8852862398,0.973
TKU,428504,8853290902,0.973
LLV,428444,8853719346,0.973
FDH,427861,8854147207,0.973
YXY,424985,8854572192,0.973
TLQ,424167,8854996359,0.974
UUD,424106,8855420465,0.974
PHE,423905,8855844370,0.974
IXS,423895,8856268265,0.974
DTB,423708,8856691973,0.974
MQX,423170,8857115143,0.974
BPL,422287,8857537430,0.974
MOL,421653,8857959083,0.974
BME,421451,8858380534,0.974
BMI,419852,8858800386,0.974
EPA,417988,8859218374,0.974
ERC,417612,8859635986,0.974
AXM,417587,8860053573,0.974
JDZ,417409,8860470982,0.974
CFS,415949,8860886931,0.974
IAO,415786,8861302717,0.974
PNR,414653,8861717370,0.974
KCA,414501,8862131871,0.974
LUW,414338,8862546209,0.974
BIK,413994,8862960203,0.974
TJA,413333,8863373536,0.974
REG,412665,8863786201,0.975
WGN,411426,8864197627,0.975
SLY,411045,8864608672,0.975
YKH,409121,8865017793,0.975
KEJ,408876,8865426669,0.975
HLZ,408294,8865834963,0.975
ASM,407613,8866242576,0.975
CFE,406277,8866648853,0.975
FAE,405667,8867054520,0.975
TDD,405056,8867459576,0.975
AGH,404605,8867864181,0.975
DRO,403268,8868267449,0.975
IXD,401878,8868669327,0.975
BIR,401779,8869071106,0.975
MLN,401707,8869472813,0.975
APW,401401,8869874214,0.975
NNT,401126,8870275340,0.975
TBB,400821,8870676161,0.975
BZG,400609,8871076770,0.975
TCG,399557,8871476327,0.975
SCV,398695,8871875022,0.975
DZA,397399,8872272421,0.975
TPS,397260,8872669681,0.975
MGM,396485,8873066166,0.976
CDE,395709,8873461875,0.976
ALF,393305,8873855180,0.976
JUB,393044,8874248224,0.976
KIR,392791,8874641015,0.976
GNS,392231,8875033246,0.976
ROI,390221,8875423467,0.976
SCE,390047,8875813514,0.976
TTT,389387,8876202901,0.976
GEA,389016,8876591917,0.976
GDX,387808,8876979725,0.976
CUE,386912,8877366637,0.976
GAJ,386636,8877753273,0.976
SKB,386614,8878139887,0.976
NZH,386570,8878526457,0.976
MSR,385930,8878912387,0.976
EGO,385573,8879297960,0.976
ISL,385125,8879683085,0.976
RJA,383723,8880066808,0.976
LZN,383292,8880450100,0.976
SCN,383206,8880833306,0.976
FBM,382903,8881216209,0.976
YYG,382493,8881598702,0.976
LRM,382199,8881980901,0.977
NKC,382110,8882363011,0.977
MDQ,381756,8882744767,0.977
MGQ,381450,8883126217,0.977
UGC,380383,8883506600,0.977
EGE,379937,8883886537,0.977
USN,378845,8884265382,0.977
AKX,378077,8884643459,0.977
SMI,377765,8885021224,0.977
SNO,375888,8885397112,0.977
CSY,375703,8885772815,0.977
SFJ,374416,8886147231,0.977
YKA,373925,8886521156,0.977
PXM,373666,8886894822,0.977
LUZ,372759,8887267581,0.977
BON,372079,8887639660,0.977
EYP,371782,8888011442,0.977
MST,371712,8888383154,0.977
DRV,371260,8888754414,0.977
NKT,370408,8889124822,0.977
KOP,370131,8889494953,0.977
RST,369702,8889864655,0.977
CTM,369220,8890233875,0.977
ZNE,366662,8890600537,0.977
GTF,365782,8890966319,0.977
SQD,365656,8891331975,0.978
RBR,365610,8891697585,0.978
TAP,364852,8892062437,0.978
YQG,364816,8892427253,0.978
UIB,363945,8892791198,0.978
BFV,362369,8893153567,0.978
NVA,360743,8893514310,0.978
HJJ,360677,8893874987,0.978
LMM,360344,8894235331,0.978
IDA,359971,8894595302,0.978
ZAH,357634,8894952936,0.978
RTW,356770,8895309706,0.978
CCF,356427,8895666133,0.978
QUO,356221,8896022354,0.978
JIB,356095,8896378449,0.978
QSZ,354306,8896732755,0.978
EDO,351784,8897084539,0.978
JLR,350816,8897435355,0.978
RLK,350293,8897785648,0.978
SIA,350221,8898135869,0.978
AVA,350155,8898486024,0.978
RAB,349578,8898835602,0.978
JSI,349102,8899184704,0.978
REL,349010,8899533714,0.978
USA,348173,8899881887,0.978
JNZ,347909,8900229796,0.979
OAJ,347170,8900576966,0.979
OZC,347077,8900924043,0.979
BMU,346122,8901270165,0.979
MOT,345229,8901615394,0.979
JUH,344877,8901960271,0.979
UKK,343880,8902304151,0.979
RTB,343012,8902647163,0.979
LNK,343010,8902990173,0.979
IQN,342744,8903332917,0.979
LDE,342635,8903675552,0.979
JIQ,342547,8904018099,0.979
JSR,342383,8904360482,0.979
AQI,341834,8904702316,0.979
GDZ,341757,8905044073,0.979
ULV,340853,8905384926,0.979
TVS,340790,8905725716,0.979
KKN,340695,8906066411,0.979
ZAL,340576,8906406987,0.979
SUV,340318,8906747305,0.979
WUT,340197,8907087502,0.979
CEN,339180,8907426682,0.979
BHI,338040,8907764722,0.979
PLQ,337898,8908102620,0.979
BVB,337420,8908440040,0.979
ENI,337394,8908777434,0.979
ZAT,336785,8909114219,0.979
TNJ,336263,8909450482,0.980
LPF,336049,8909786531,0.980
JUZ,334590,8910121121,0.980
IMP,333818,8910454939,0.980
YDF,332906,8910787845,0.980
HMI,332176,8911120021,0.980
BHE,330885,8911450906,0.980
JUJ,330033,8911780939,0.980
CWJ,329191,8912110130,0.980
YUS,329012,8912439142,0.980
NYT,329002,8912768144,0.980
BEN,328615,8913096759,0.980
LBE,328087,8913424846,0.980
IPC,327482,8913752328,0.980
RKT,327196,8914079524,0.980
RMI,326176,8914405700,0.980
AJI,325968,8914731668,0.980
SDV,325795,8915057463,0.980
BJR,325028,8915382491,0.980
BET,322150,8915704641,0.980
PSO,322010,8916026651,0.980
ELM,321986,8916348637,0.980
AZD,320972,8916669609,0.980
SPD,319787,8916989396,0.980
OZH,318720,8917308116,0.980
MAR,318301,8917626417,0.980
CLY,318214,8917944631,0.980
KLX,317893,8918262524,0.980
FNA,317346,8918579870,0.981
LIG,316952,8918896822,0.981
SCU,316382,8919213204,0.981
IVC,316108,8919529312,0.981
CFR,315770,8919845082,0.981
AQG,315517,8920160599,0.981
LNL,315164,8920475763,0.981
RAE,314883,8920790646,0.981
DLH,314674,8921105320,0.981
ATZ,314529,8921419849,0.981
EAS,314211,8921734060,0.981
PEM,313630,8922047690,0.981
JXA,313488,8922361178,0.981
MTJ,313441,8922674619,0.981
CIY,312494,8922987113,0.981
YIA,312309,8923299422,0.981
RKV,310978,8923610400,0.981
RXS,310403,8923920803,0.981
RAS,310332,8924231135,0.981
THL,310305,8924541440,0.981
KVA,310148,8924851588,0.981
YXJ,309826,8925161414,0.981
MQP,309536,8925470950,0.981
FPO,308353,8925779303,0.981
YXL,307454,8926086757,0.981
DIL,307394,8926394151,0.981
VDA,307371,8926701522,0.981
KNU,307186,8927008708,0.981
GRK,307097,8927315805,0.981
AZO,306909,8927622714,0.982
KTT,306157,8927928871,0.982
YSB,305137,8928234008,0.982
HEA,304896,8928538904,0.982
YFB,304694,8928843598,0.982
KGI,304667,8929148265,0.982
BHK,303937,8929452202,0.982
PPB,303527,8929755729,0.982
YRT,303158,8930058887,0.982
NDJ,302279,8930361166,0.982
YXT,301270,8930662436,0.982
TYL,300732,8930963168,0.982
LET,300482,8931263650,0.982
FEN,299981,8931563631,0.982
YSJ,298334,8931861965,0.982
IGT,297693,8932159658,0.982
MZR,296730,8932456388,0.982
KMS,295517,8932751905,0.982
PAC,294474,8933046379,0.982
BWA,294075,8933340454,0.982
OMH,293942,8933634396,0.982
BLV,293864,8933928260,0.982
MAB,293690,8934221950,0.982
ENE,293398,8934515348,0.982
KRW,292646,8934807994,0.982
LCK,292566,8935100560,0.982
MSJ,292352,8935392912,0.982
SVD,292265,8935685177,0.982
PRI,292035,8935977212,0.982
DCY,291535,8936268747,0.982
ROT,290658,8936559405,0.983
QSF,290203,8936849608,0.983
PGU,289964,8937139572,0.983
CME,288648,8937428220,0.983
BJA,287823,8937716043,0.983
CWA,287661,8938003704,0.983
MJZ,286692,8938290396,0.983
EGC,286027,8938576423,0.983
RES,285948,8938862371,0.983
CBO,284726,8939147097,0.983
URA,284085,8939431182,0.983
JAU,282280,8939713462,0.983
SAF,281322,8939994784,0.983
SFT,281321,8940276105,0.983
BOB,281194,8940557299,0.983
ANR,280885,8940838184,0.983
IXU,280029,8941118213,0.983
AEB,279782,8941397995,0.983
VDC,279708,8941677703,0.983
ENU,279277,8941956980,0.983
BLA,278311,8942235291,0.983
ISA,278262,8942513553,0.983
GYU,277418,8942790971,0.983
VIL,277322,8943068293,0.983
ABX,277066,8943345359,0.983
ETZ,276873,8943622232,0.983
AKY,275716,8943897948,0.983
OSR,275636,8944173584,0.983
ACK,275480,8944449064,0.983
ROB,275339,8944724403,0.983
OHD,274234,8944998637,0.983
LNZ,274197,8945272834,0.983
MZL,274105,8945546939,0.983
LOE,274027,8945820966,0.984
EDL,273783,8946094749,0.984
CEE,273202,8946367951,0.984
URY,272939,8946640890,0.984
KGF,272741,8946913631,0.984
OKD,272597,8947186228,0.984
MBS,272538,8947458766,0.984
YZY,271664,8947730430,0.984
ZHY,270871,8948001301,0.984
NLH,270786,8948272087,0.984
PLJ,268355,8948540442,0.984
YTS,268338,8948808780,0.984
AYP,267875,8949076655,0.984
VDO,267776,8949344431,0.984
KEP,267481,8949611912,0.984
BZR,267333,8949879245,0.984
IGD,266948,8950146193,0.984
KSU,266795,8950412988,0.984
NBX,266648,8950679636,0.984
KRN,266213,8950945849,0.984
ETH,265920,8951211769,0.984
KCM,265703,8951477472,0.984
BFL,264290,8951741762,0.984
JAE,264147,8952005909,0.984
MHH,263797,8952269706,0.984
MWZ,263108,8952532814,0.984
JKH,262693,8952795507,0.984
PEG,262649,8953058156,0.984
WNH,262593,8953320749,0.984
RNB,262511,8953583260,0.984
MQL,262249,8953845509,0.984
SIT,261974,8954107483,0.984
PBG,261876,8954369359,0.984
KUV,261661,8954631020,0.984
VDE,261381,8954892401,0.985
JSA,261256,8955153657,0.985
HEK,261017,8955414674,0.985
HAH,260771,8955675445,0.985
COU,260595,8955936040,0.985
YYR,260582,8956196622,0.985
BUQ,260331,8956456953,0.985
MQF,259999,8956716952,0.985
BNI,259619,8956976571,0.985
HGA,259250,8957235821,0.985
VAA,258488,8957494309,0.985
DPL,258152,8957752461,0.985
YEI,257933,8958010394,0.985
LPT,257929,8958268323,0.985
HGU,257610,8958525933,0.985
KIM,256069,8958782002,0.985
KDH,255845,8959037847,0.985
EUN,254166,8959292013,0.985
JIC,254052,8959546065,0.985
BDU,253845,8959799910,0.985
RGL,253834,8960053744,0.985
IAG,252958,8960306702,0.985
SHW,252788,8960559490,0.985
GLT,252474,8960811964,0.985
DNK,252473,8961064437,0.985
RCH,252112,8961316549,0.985
FEG,251802,8961568351,0.985
AEX,250678,8961819029,0.985
BRO,249599,8962068628,0.985
GOQ,249146,8962317774,0.985
NOJ,249107,8962566881,0.985
YFI,248317,8962815198,0.985
HIR,248217,8963063415,0.985
SLU,247621,8963311036,0.985
DDG,247302,8963558338,0.985
NMA,247235,8963805573,0.986
ADF,246653,8964052226,0.986
HLN,246547,8964298773,0.986
VXE,246436,8964545209,0.986
TKN,246274,8964791483,0.986
TOL,245425,8965036908,0.986
KVX,244980,8965281888,0.986
DAV,244737,8965526625,0.986
TBP,244064,8965770689,0.986
TCR,244050,8966014739,0.986
AXD,242755,8966257494,0.986
MYP,242005,8966499499,0.986
FLG,241264,8966740763,0.986
BLB,241088,8966981851,0.986
PQQ,240945,8967222796,0.986
MOF,240868,8967463664,0.986
SDL,240601,8967704265,0.986
TUG,239129,8967943394,0.986
GFK,238513,8968181907,0.986
MLU,238314,8968420221,0.986
RAJ,238180,8968658401,0.986
YZV,237940,8968896341,0.986
ZQZ,237865,8969134206,0.986
APO,234938,8969369144,0.986
AQJ,234501,8969603645,0.986
GDQ,234475,8969838120,0.986
TBU,234427,8970072547,0.986
PAS,234304,8970306851,0.986
RNN,233794,8970540645,0.986
EWN,232669,8970773314,0.986
VXO,231962,8971005276,0.986
SNW,231768,8971237044,0.986
FNI,231749,8971468793,0.986
DBO,229683,8971698476,0.986
YAM,229599,8971928075,0.986
LRH,229583,8972157658,0.986
GSM,228924,8972386582,0.986
LDS,228737,8972615319,0.986
UNN,228635,8972843954,0.986
BSG,228522,8973072476,0.987
NOZ,228292,8973300768,0.987
ERL,228226,8973528994,0.987
GGT,227982,8973756976,0.987
APL,227769,8973984745,0.987
GNB,227451,8974212196,0.987
ERI,227054,8974439250,0.987
WGA,226601,8974665851,0.987
PNA,226318,8974892169,0.987
DGA,226231,8975118400,0.987
BEW,225973,8975344373,0.987
YWK,225311,8975569684,0.987
ITH,225029,8975794713,0.987
LVI,224736,8976019449,0.987
MYT,224624,8976244073,0.987
VLL,224269,8976468342,0.987
MAQ,224067,8976692409,0.987
NYM,223857,8976916266,0.987
FKS,223121,8977139387,0.987
NAW,222099,8977361486,0.987
IVL,221879,8977583365,0.987
TMC,221668,8977805033,0.987
RFD,221479,8978026512,0.987
CMW,220299,8978246811,0.987
HOR,219704,8978466515,0.987
BUZ,219307,8978685822,0.987
LCJ,219180,8978905002,0.987
IIL,219055,8979124057,0.987
MOC,218844,8979342901,0.987
WUZ,218424,8979561325,0.987
ZYR,217814,8979779139,0.987
PSS,217333,8979996472,0.987
DIR,216916,8980213388,0.987
TLM,216601,8980429989,0.987
HVB,215951,8980645940,0.987
HDN,215828,8980861768,0.987
EMD,215292,8981077060,0.987
HHH,215065,8981292125,0.987
SRY,214673,8981506798,0.987
MCM,214608,8981721406,0.987
OHS,214024,8981935430,0.987
NOS,213695,8982149125,0.988
HDS,213661,8982362786,0.988
BJM,213650,8982576436,0.988
HTS,212937,8982789373,0.988
KJI,212809,8983002182,0.988
CXJ,211971,8983214153,0.988
BDP,211907,8983426060,0.988
PVU,211679,8983637739,0.988
AOG,211205,8983848944,0.988
CAC,210227,8984059171,0.988
YQY,209616,8984268787,0.988
CMI,209534,8984478321,0.988
TMW,209355,8984687676,0.988
RJK,208949,8984896625,0.988
HIN,208904,8985105529,0.988
GOM,208573,8985314102,0.988
SGU,208122,8985522224,0.988
SQJ,207831,8985730055,0.988
KUO,207716,8985937771,0.988
PBO,206839,8986144610,0.988
CJM,206607,8986351217,0.988
PWQ,206417,8986557634,0.988
MEC,206396,8986764030,0.988
SCY,206300,8986970330,0.988
WGP,205547,8987175877,0.988
ADU,204625,8987380502,0.988
KLR,204267,8987584769,0.988
LMP,204050,8987788819,0.988
YUM,203685,8987992504,0.988
GAY,202633,8988195137,0.988
LCX,202545,8988397682,0.988
KZO,202293,8988599975,0.988
LSE,202289,8988802264,0.988
LDY,201741,8989004005,0.988
BGG,201719,8989205724,0.988
RKZ,201326,8989407050,0.988
TPQ,201113,8989608163,0.988
TMP,200301,8989808464,0.988
TSJ,200196,8990008660,0.988
TUF,200046,8990208706,0.988
LLB,199973,8990408679,0.988
LRD,199914,8990608593,0.988
PSE,199752,8990808345,0.988
KLU,198834,8991007179,0.988
IXG,198807,8991205986,0.989
JGD,198212,8991404198,0.989
GIS,198083,8991602281,0.989
ADQ,197966,8991800247,0.989
JSJ,197713,8991997960,0.989
CPR,196208,8992194168,0.989
RRG,195847,8992390015,0.989
LSI,195417,8992585432,0.989
SCK,195227,8992780659,0.989
ENA,195182,8992975841,0.989
AOK,194303,8993170144,0.989
YQX,193899,8993364043,0.989
NLA,193843,8993557886,0.989
SHB,193638,8993751524,0.989
YXC,193539,8993945063,0.989
PEZ,193470,8994138533,0.989
FSM,193375,8994331908,0.989
ABA,192971,8994524879,0.989
BHR,192894,8994717773,0.989
YSQ,192349,8994910122,0.989
LAN,190669,8995100791,0.989
PKZ,190442,8995291233,0.989
DHM,189029,8995480262,0.989
HAC,188257,8995668519,0.989
GSV,187967,8995856486,0.989
DMU,187940,8996044426,0.989
GMQ,187760,8996232186,0.989
JRG,187362,8996419548,0.989
MJU,187125,8996606673,0.989
ORH,187095,8996793768,0.989
ROR,187049,8996980817,0.989
KUM,186894,8997167711,0.989
MAG,186014,8997353725,0.989
VVC,185709,8997539434,0.989
HFT,185708,8997725142,0.989
SUN,185462,8997910604,0.989
CLQ,185180,8998095784,0.989
UEO,185018,8998280802,0.989
LSH,184839,8998465641,0.989
GOH,184479,8998650120,0.989
AEY,184169,8998834289,0.989
AXF,184068,8999018357,0.989
LYH,183420,8999201777,0.989
YVP,182639,8999384416,0.989
FKQ,182286,8999566702,0.989
CUK,181331,8999748033,0.989
WKJ,181030,8999929063,0.989
PAG,180909,9000109972,0.989
PLO,180565,9000290537,0.990
CHG,179761,9000470298,0.990
UCB,179535,9000649833,0.990
UYU,179464,9000829297,0.990
GBT,179238,9001008535,0.990
FLZ,178967,9001187502,0.990
AXU,177449,9001364951,0.990
NCU,176929,9001541880,0.990
VAM,176662,9001718542,0.990
YKO,176221,9001894763,0.990
TGM,175962,9002070725,0.990
PZU,175905,9002246630,0.990
TVY,175211,9002421841,0.990
ACV,175024,9002596865,0.990
WAE,173786,9002770651,0.990
CRV,173517,9002944168,0.990
NTQ,171962,9003116130,0.990
PDP,171622,9003287752,0.990
MHK,170290,9003458042,0.990
HUY,170104,9003628146,0.990
XSP,170000,9003798146,0.990
GAN,169981,9003968127,0.990
NNM,168526,9004136653,0.990
LYR,168316,9004304969,0.990
YOL,167960,9004472929,0.990
SHM,167770,9004640699,0.990
DOM,167623,9004808322,0.990
ZLO,166873,9004975195,0.990
HKN,166076,9005141271,0.990
KRP,164721,9005305992,0.990
OCC,164257,9005470249,0.990
AZR,163981,9005634230,0.990
ABI,163796,9005798026,0.990
MZH,163708,9005961734,0.990
IQM,163215,9006124949,0.990
YVO,162483,9006287432,0.990
BRW,162350,9006449782,0.990
TML,161998,9006611780,0.990
HPG,161400,9006773180,0.990
CPE,160571,9006933751,0.990
VIT,159351,9007093102,0.990
BSI,159229,9007252331,0.990
OXB,159155,9007411486,0.990
DEX,158991,9007570477,0.990
CAB,158858,9007729335,0.990
CLL,158837,9007888172,0.990
GRQ,158732,9008046904,0.990
CKS,158386,9008205290,0.990
BLZ,158272,9008363562,0.990
NDC,158087,9008521649,0.990
WVB,157691,9008679340,0.990
THQ,157574,9008836914,0.990
BDB,157553,9008994467,0.990
IBE,156711,9009151178,0.990
LLI,156578,9009307756,0.991
BNX,156396,9009464152,0.991
ELH,156381,9009620533,0.991
JRH,156229,9009776762,0.991
AJL,156185,9009932947,0.991
TMR,155867,9010088814,0.991
ONJ,155698,9010244512,0.991
ISN,155505,9010400017,0.991
YYF,155468,9010555485,0.991
DPO,155213,9010710698,0.991
WTB,154979,9010865677,0.991
HUN,154746,9011020423,0.991
LKA,154686,9011175109,0.991
SHF,154623,9011329732,0.991
TNH,154378,9011484110,0.991
UPN,154327,9011638437,0.991
PZO,154223,9011792660,0.991
RFP,154213,9011946873,0.991
ZOS,153810,9012100683,0.991
OZZ,153790,9012254473,0.991
MKZ,152286,9012406759,0.991
IWJ,152074,9012558833,0.991
UAQ,151696,9012710529,0.991
BGF,151508,9012862037,0.991
MUB,151295,9013013332,0.991
AZS,151043,9013164375,0.991
SPI,150960,9013315335,0.991
OTZ,150582,9013465917,0.991
TWT,150295,9013616212,0.991
KOI,150293,9013766505,0.991
SZY,150052,9013916557,0.991
KBU,149872,9014066429,0.991
PFB,149671,9014216100,0.991
TET,148883,9014364983,0.991
WWK,148844,9014513827,0.991
OPS,148829,9014662656,0.991
LDU,148455,9014811111,0.991
OME,148444,9014959555,0.991
LGG,148226,9015107781,0.991
MRA,147907,9015255688,0.991
YPX,147876,9015403564,0.991
MMJ,147828,9015551392,0.991
LIF,147596,9015698988,0.991
SCC,147572,9015846560,0.991
PUW,147453,9015994013,0.991
TMS,147337,9016141350,0.991
TLK,147274,9016288624,0.991
RGA,146434,9016435058,0.991
IZA,145500,9016580558,0.991
CPC,144882,9016725440,0.991
LBS,144479,9016869919,0.991
MYD,144096,9017014015,0.991
CAP,143324,9017157339,0.991
ARM,143292,9017300631,0.991
RDP,143291,9017443922,0.991
JIJ,143122,9017587044,0.991
LPI,143091,9017730135,0.991
OKE,142433,9017872568,0.991
MME,141625,9018014193,0.991
FRS,141346,9018155539,0.991
GKA,140989,9018296528,0.991
CMF,140794,9018437322,0.992
LUV,140766,9018578088,0.992
MKK,140671,9018718759,0.992
LRR,140400,9018859159,0.992
SBY,140183,9018999342,0.992
CIJ,140079,9019139421,0.992
KVD,140059,9019279480,0.992
TJU,140027,9019419507,0.992
ARK,139959,9019559466,0.992
BSO,139894,9019699360,0.992
GRI,139820,9019839180,0.992
BJW,139668,9019978848,0.992
JJG,138507,9020117355,0.992
VDS,138018,9020255373,0.992
MOV,137697,9020393070,0.992
LXS,136910,9020529980,0.992
SON,136755,9020666735,0.992
CPV,136573,9020803308,0.992
ESU,135812,9020939120,0.992
YKM,135666,9021074786,0.992
NOP,135660,9021210446,0.992
FNJ,135358,9021345804,0.992
NER,135047,9021480851,0.992
SQG,134946,9021615797,0.992
DDD,134900,9021750697,0.992
SJT,134136,9021884833,0.992
TUI,134096,9022018929,0.992
NLT,133922,9022152851,0.992
EAM,133852,9022286703,0.992
GWL,133666,9022420369,0.992
ABU,133652,9022554021,0.992
PZB,133639,9022687660,0.992
LKN,133583,9022821243,0.992
CYZ,133477,9022954720,0.992
HID,133366,9023088086,0.992
FLA,133201,9023221287,0.992
USK,132809,9023354096,0.992
MIU,132773,9023486869,0.992
AUC,132746,9023619615,0.992
LAO,132729,9023752344,0.992
TMJ,132579,9023884923,0.992
BUW,132178,9024017101,0.992
DHI,131501,9024148602,0.992
EJA,131364,9024279966,0.992
BTK,131081,9024411047,0.992
DMS,130911,9024541958,0.992
HXD,130772,9024672730,0.992
JAV,130650,9024803380,0.992
KHE,130586,9024933966,0.992
OGL,130350,9025064316,0.992
ISC,130317,9025194633,0.992
CLV,130315,9025324948,0.992
FRO,130207,9025455155,0.992
KLH,130205,9025585360,0.992
SYY,129742,9025715102,0.992
WYA,129606,9025844708,0.992
POL,129552,9025974260,0.992
EAT,129398,9026103658,0.992
KKX,129196,9026232854,0.992
ABB,129051,9026361905,0.992
SGD,128389,9026490294,0.992
UKA,128167,9026618461,0.992
KKE,127663,9026746124,0.992
TCO,127588,9026873712,0.992
YIE,127268,9027000980,0.992
MTT,127079,9027128059,0.992
LCH,126834,9027254893,0.992
PIX,126733,9027381626,0.992
CKZ,126597,9027508223,0.993
ACT,126341,9027634564,0.993
CDT,125767,9027760331,0.993
LOH,125599,9027885930,0.993
LNV,125571,9028011501,0.993
ARD,125220,9028136721,0.993
MQT,124657,9028261378,0.993
LCE,124584,9028385962,0.993
FDE,124440,9028510402,0.993
HOV,124362,9028634764,0.993
SIF,124198,9028758962,0.993
ROW,124126,9028883088,0.993
CBQ,123832,9029006920,0.993
BTW,123709,9029130629,0.993
GET,123472,9029254101,0.993
POG,122959,9029377060,0.993
CDP,122913,9029499973,0.993
PSM,122759,9029622732,0.993
HOF,122573,9029745305,0.993
GWT,122291,9029867596,0.993
JTC,122092,9029989688,0.993
TWC,122003,9030111691,0.993
RQA,121958,9030233649,0.993
PPN,121718,9030355367,0.993
LWN,121697,9030477064,0.993
WRG,121146,9030598210,0.993
MRE,120527,9030718737,0.993
RAH,120189,9030838926,0.993
ISE,119865,9030958791,0.993
KDO,119797,9031078588,0.993
ZBR,119614,9031198202,0.993
DHN,119529,9031317731,0.993
LTO,119527,9031437258,0.993
HAD,119318,9031556576,0.993
IOA,119308,9031675884,0.993
HME,119096,9031794980,0.993
OHE,118942,9031913922,0.993
SKO,118524,9032032446,0.993
YQL,118157,9032150603,0.993
YGR,118040,9032268643,0.993
KAD,117857,9032386500,0.993
JOE,117856,9032504356,0.993
ACH,117776,9032622132,0.993
SFN,117477,9032739609,0.993
YEV,116992,9032856601,0.993
OLP,116854,9032973455,0.993
NAL,116656,9033090111,0.993
MFK,116555,9033206666,0.993
AKN,116537,9033323203,0.993
BUU,116463,9033439666,0.993
NZL,116403,9033556069,0.993
TYR,116174,9033672243,0.993
NAJ,116115,9033788358,0.993
MQN,115867,9033904225,0.993
MGZ,115866,9034020091,0.993
KQH,115006,9034135097,0.993
BNN,114022,9034249119,0.993
IPN,113906,9034363025,0.993
DLE,113893,9034476918,0.993
GDT,113513,9034590431,0.993
PSG,113213,9034703644,0.993
BSK,112781,9034816425,0.993
PUU,112612,9034929037,0.993
SKZ,112473,9035041510,0.993
BZX,112207,9035153717,0.993
PXO,112154,9035265871,0.993
RLG,112101,9035377972,0.993
MVY,111942,9035489914,0.993
WRE,111720,9035601634,0.993
KLF,111287,9035712921,0.993
YUY,111084,9035824005,0.993
SKX,110887,9035934892,0.993
OGX,110721,9036045613,0.993
RDZ,110716,9036156329,0.993
KAW,110442,9036266771,0.993
CSG,110266,9036377037,0.993
SFA,110194,9036487231,0.993
CYI,110181,9036597412,0.994
UCT,110046,9036707458,0.994
FYN,109667,9036817125,0.994
VST,109420,9036926545,0.994
CND,109373,9037035918,0.994
KVG,109201,9037145119,0.994
PGV,109055,9037254174,0.994
LAW,108770,9037362944,0.994
BVE,108693,9037471637,0.994
MYQ,108538,9037580175,0.994
SVJ,108293,9037688468,0.994
SWQ,108226,9037796694,0.994
ZSE,107611,9037904305,0.994
WJU,107312,9038011617,0.994
OAG,106557,9038118174,0.994
LRT,106471,9038224645,0.994
BEF,106429,9038331074,0.994
GPA,106419,9038437493,0.994
IFO,106309,9038543802,0.994
ZIG,105996,9038649798,0.994
CXH,105920,9038755718,0.994
SZK,105912,9038861630,0.994
JJD,105848,9038967478,0.994
HAQ,105499,9039072977,0.994
YGL,105476,9039178453,0.994
VIG,105294,9039283747,0.994
KAO,105202,9039388949,0.994
DUM,105097,9039494046,0.994
AJN,105041,9039599087,0.994
SKN,104632,9039703719,0.994
PIS,104589,9039808308,0.994
YPA,104432,9039912740,0.994
LEA,104344,9040017084,0.994
PPG,104077,9040121161,0.994
WNP,103768,9040224929,0.994
KNX,103705,9040328634,0.994
RDD,103698,9040432332,0.994
BXB,103589,9040535921,0.994
CGM,103585,9040639506,0.994
BWT,103548,9040743054,0.994
TWF,103345,9040846399,0.994
FYJ,103242,9040949641,0.994
KDM,102988,9041052629,0.994
TIN,102678,9041155307,0.994
LPK,102303,9041257610,0.994
ISK,102125,9041359735,0.994
SHI,101925,9041461660,0.994
GTR,101881,9041563541,0.994
JNX,101282,9041664823,0.994
FMA,101239,9041766062,0.994
RMA,100989,9041867051,0.994
TNE,100643,9041967694,0.994
JBQ,100304,9042067998,0.994
HVN,99139,9042167137,0.994
SOG,98791,9042265928,0.994
SUX,98769,9042364697,0.994
ARU,98689,9042463386,0.994
QRW,98251,9042561637,0.994
RJH,98074,9042659711,0.994
CBH,98018,9042757729,0.994
MGB,97999,9042855728,0.994
CYO,97832,9042953560,0.994
ALW,97709,9043051269,0.994
LEQ,97283,9043148552,0.994
OKL,96838,9043245390,0.994
KSN,96572,9043341962,0.994
HHQ,96521,9043438483,0.994
UKH,96202,9043534685,0.994
ATM,96186,9043630871,0.994
LGQ,96176,9043727047,0.994
SDE,96054,9043823101,0.994
KSF,95918,9043919019,0.994
EYK,95875,9044014894,0.994
DNR,95845,9044110739,0.994
ESM,95720,9044206459,0.994
LAU,95588,9044302047,0.994
YBG,95497,9044397544,0.994
AWA,95463,9044493007,0.994
BHQ,95379,9044588386,0.994
UTT,95360,9044683746,0.994
ILP,95342,9044779088,0.994
NGQ,95316,9044874404,0.994
JLN,95281,9044969685,0.994
TKD,95208,9045064893,0.994
LLF,95009,9045159902,0.994
HUH,94517,9045254419,0.994
CZU,94383,9045348802,0.994
UYL,93563,9045442365,0.994
CUF,93052,9045535417,0.994
IFU,92892,9045628309,0.994
MAJ,92680,9045720989,0.995
KNG,92481,9045813470,0.995
LSP,92341,9045905811,0.995
RCB,92313,9045998124,0.995
BLJ,92298,9046090422,0.995
EGN,92183,9046182605,0.995
XBJ,92045,9046274650,0.995
BOC,92027,9046366677,0.995
KPO,91787,9046458464,0.995
MLO,91728,9046550192,0.995
AJR,91363,9046641555,0.995
YBL,90855,9046732410,0.995
TDX,90739,9046823149,0.995
TJS,90654,9046913803,0.995
KRO,90643,9047004446,0.995
VLD,90518,9047094964,0.995
DOL,90470,9047185434,0.995
YYB,90246,9047275680,0.995
SMA,89965,9047365645,0.995
RIB,89920,9047455565,0.995
LOK,89891,9047545456,0.995
LSW,89697,9047635153,0.995
PES,89620,9047724773,0.995
TLE,89481,9047814254,0.995
LNY,89224,9047903478,0.995
PRH,89095,9047992573,0.995
KGT,89066,9048081639,0.995
DLG,88868,9048170507,0.995
LXG,88741,9048259248,0.995
GUR,88708,9048347956,0.995
PIH,88700,9048436656,0.995
AEG,88590,9048525246,0.995
YXH,88464,9048613710,0.995
KVK,88341,9048702051,0.995
SUJ,88307,9048790358,0.995
SSJ,88234,9048878592,0.995
FLO,87817,9048966409,0.995
BHJ,87697,9049054106,0.995
ILR,87675,9049141781,0.995
BRM,87632,9049229413,0.995
CYB,87557,9049316970,0.995
JIM,87531,9049404501,0.995
COD,87360,9049491861,0.995
LER,87134,9049578995,0.995
WEI,86583,9049665578,0.995
CKB,86561,9049752139,0.995
ETR,86455,9049838594,0.995
MEE,86438,9049925032,0.995
JHM,86248,9050011280,0.995
KET,85854,9050097134,0.995
BRA,85735,9050182869,0.995
YRL,85438,9050268307,0.995
KAJ,85428,9050353735,0.995
PNI,85260,9050438995,0.995
PND,85170,9050524165,0.995
PNL,85167,9050609332,0.995
YWH,84807,9050694139,0.995
AXJ,84712,9050778851,0.995
DIE,84538,9050863389,0.995
PNP,84495,9050947884,0.995
SVB,84395,9051032279,0.995
PNY,83821,9051116100,0.995
UEL,83579,9051199679,0.995
HTT,83426,9051283105,0.995
ABY,83292,9051366397,0.995
PSU,82537,9051448934,0.995
RGK,82378,9051531312,0.995
OER,82308,9051613620,0.995
BQK,81901,9051695521,0.995
BZL,81671,9051777192,0.995
PYJ,81664,9051858856,0.995
NDB,81621,9051940477,0.995
MJM,81474,9052021951,0.995
UVE,81380,9052103331,0.995
VDY,81286,9052184617,0.995
LWS,81244,9052265861,0.995
DYR,81233,9052347094,0.995
YCG,81218,9052428312,0.995
CNQ,81143,9052509455,0.995
RZR,81139,9052590594,0.995
MEB,80591,9052671185,0.995
ERF,80276,9052751461,0.995
ULH,80164,9052831625,0.995
DSE,80038,9052911663,0.995
TMM,79960,9052991623,0.995
KZR,79894,9053071517,0.995
HOM,79873,9053151390,0.995
MZV,79831,9053231221,0.995
ANX,79830,9053311051,0.995
PLX,79794,9053390845,0.995
EGS,79738,9053470583,0.995
SPS,79691,9053550274,0.995
LFR,79689,9053629963,0.995
LYC,79473,9053709436,0.995
BGM,79385,9053788821,0.995
MOZ,79287,9053868108,0.995
GMZ,79024,9053947132,0.995
QRC,78869,9054026001,0.995
SDG,78661,9054104662,0.995
ESL,78439,9054183101,0.995
TXK,78412,9054261513,0.995
NSH,78074,9054339587,0.995
OMR,77696,9054417283,0.995
VAI,77434,9054494717,0.995
EJH,77403,9054572120,0.995
ELU,77355,9054649475,0.995
DIN,77240,9054726715,0.996
DOD,77184,9054803899,0.996
KUU,76765,9054880664,0.996
KDU,76734,9054957398,0.996
GER,76678,9055034076,0.996
VIJ,76560,9055110636,0.996
DBQ,76488,9055187124,0.996
KMV,76356,9055263480,0.996
XCR,76287,9055339767,0.996
TUO,76278,9055416045,0.996
JBB,76229,9055492274,0.996
GKK,76172,9055568446,0.996
SDD,76079,9055644525,0.996
DOU,76029,9055720554,0.996
NTX,76025,9055796579,0.996
YGW,75910,9055872489,0.996
GUC,75872,9055948361,0.996
HUO,75655,9056024016,0.996
MIM,75650,9056099666,0.996
MEH,75648,9056175314,0.996
MII,75435,9056250749,0.996
MJF,75412,9056326161,0.996
BJZ,75353,9056401514,0.996
PMY,75224,9056476738,0.996
YGK,75149,9056551887,0.996
PMF,75062,9056626949,0.996
RNJ,74574,9056701523,0.996
YVQ,74442,9056775965,0.996
CBT,74382,9056850347,0.996
IRJ,74156,9056924503,0.996
YYQ,74145,9056998648,0.996
LPP,74105,9057072753,0.996
GFF,73759,9057146512,0.996
ABS,73590,9057220102,0.996
THS,73053,9057293155,0.996
YKF,72945,9057366100,0.996
TAT,72936,9057439036,0.996
FVM,72814,9057511850,0.996
DEF,72782,9057584632,0.996
NVI,72638,9057657270,0.996
INU,72599,9057729869,0.996
BBK,72596,9057802465,0.996
MBE,72591,9057875056,0.996
UTN,72463,9057947519,0.996
BKB,72370,9058019889,0.996
JKR,72228,9058092117,0.996
GHA,72097,9058164214,0.996
UBA,72082,9058236296,0.996
LUQ,72076,9058308372,0.996
VRC,71990,9058380362,0.996
XWG,71929,9058452291,0.996
DQM,71589,9058523880,0.996
LRV,71097,9058594977,0.996
FLW,71075,9058666052,0.996
OSI,70915,9058736967,0.996
YYD,70820,9058807787,0.996
FTU,70749,9058878536,0.996
GJL,70556,9058949092,0.996
MUN,70533,9059019625,0.996
KHS,70511,9059090136,0.996
PBD,70132,9059160268,0.996
SXK,70115,9059230383,0.996
KSQ,69989,9059300372,0.996
KEM,69966,9059370338,0.996
PDV,69860,9059440198,0.996
CTC,69718,9059509916,0.996
IBA,69682,9059579598,0.996
XYD,69449,9059649047,0.996
YIF,69272,9059718319,0.996
MHC,69225,9059787544,0.996
JPR,69137,9059856681,0.996
NGD,69069,9059925750,0.996
AIT,68877,9059994627,0.996
BJF,68482,9060063109,0.996
OKI,68441,9060131550,0.996
GYA,68304,9060199854,0.996
HJR,68256,9060268110,0.996
CNJ,68170,9060336280,0.996
GOV,68137,9060404417,0.996
KGC,68088,9060472505,0.996
MJV,68075,9060540580,0.996
BUA,67956,9060608536,0.996
JIK,67937,9060676473,0.996
TEQ,67705,9060744178,0.996
ERS,67639,9060811817,0.996
AHU,67484,9060879301,0.996
GMO,67371,9060946672,0.996
TAH,66993,9061013665,0.996
OSW,66913,9061080578,0.996
RGI,66388,9061146966,0.996
YNY,65862,9061212828,0.996
LLJ,65700,9061278528,0.996
YPH,65564,9061344092,0.996
DMB,65147,9061409239,0.996
TEF,64922,9061474161,0.996
YYY,64619,9061538780,0.996
SHC,64584,9061603364,0.996
PED,64488,9061667852,0.996
GMB,64285,9061732137,0.996
DBC,64272,9061796409,0.996
ODO,63987,9061860396,0.996
ODY,63968,9061924364,0.996
ELF,63804,9061988168,0.996
YBR,63777,9062051945,0.996
RVK,63636,9062115581,0.996
ALH,63527,9062179108,0.996
TBT,63492,9062242600,0.996
YHR,63191,9062305791,0.996
YCB,63182,9062368973,0.996
CFK,63120,9062432093,0.996
YTH,63097,9062495190,0.996
GHB,63046,9062558236,0.996
PUZ,63003,9062621239,0.996
LMN,62968,9062684207,0.996
RBQ,62965,9062747172,0.996
JOS,62936,9062810108,0.996
PLN,62746,9062872854,0.996
CWC,62726,9062935580,0.996
BPT,62708,9062998288,0.996
KGP,62565,9063060853,0.996
CFN,62344,9063123197,0.996
TRW,62246,9063185443,0.996
JGA,62084,9063247527,0.996
DUT,61927,9063309454,0.996
BJI,61902,9063371356,0.996
NLK,61878,9063433234,0.996
SWO,61647,9063494881,0.996
ERH,61566,9063556447,0.996
NLD,61526,9063617973,0.996
YZG,61517,9063679490,0.996
URS,61444,9063740934,0.996
RYK,61400,9063802334,0.996
GXH,61371,9063863705,0.997
KQT,61322,9063925027,0.997
AAN,61147,9063986174,0.997
ZVJ,61074,9064047248,0.997
YBX,61067,9064108315,0.997
TIQ,60878,9064169193,0.997
LAH,60857,9064230050,0.997
IXY,60842,9064290892,0.997
HGR,60840,9064351732,0.997
AFL,60809,9064412541,0.997
WJR,60750,9064473291,0.997
RTI,60744,9064534035,0.997
LIW,60569,9064594604,0.997
GCC,60533,9064655137,0.997
CZS,60474,9064715611,0.997
GTE,60182,9064775793,0.997
UIP,60136,9064835929,0.997
KFS,59955,9064895884,0.997
LUG,59949,9064955833,0.997
ABR,59923,9065015756,0.997
OAL,59820,9065075576,0.997
YPR,59804,9065135380,0.997
FKI,59730,9065195110,0.997
CZH,59711,9065254821,0.997
MSU,59681,9065314502,0.997
MOH,59571,9065374073,0.997
KNS,59526,9065433599,0.997
ZDH,59513,9065493112,0.997
DJG,59486,9065552598,0.997
YAK,59434,9065612032,0.997
JYV,59327,9065671359,0.997
SFL,59233,9065730592,0.997
KYZ,59221,9065789813,0.997
PRA,58976,9065848789,0.997
GIL,58875,9065907664,0.997
ZSA,58488,9065966152,0.997
KRF,58313,9066024465,0.997
KID,58265,9066082730,0.997
YHY,58146,9066140876,0.997
SJI,58104,9066198980,0.997
YVC,58093,9066257073,0.997
FUJ,57882,9066314955,0.997
HGN,57497,9066372452,0.997
PRC,57299,9066429751,0.997
DCM,57291,9066487042,0.997
RHI,57207,9066544249,0.997
AXA,57005,9066601254,0.997
KWA,56826,9066658080,0.997
HOB,56821,9066714901,0.997
XDB,56612,9066771513,0.997
HBQ,56589,9066828102,0.997
TIU,56473,9066884575,0.997
KCO,56283,9066940858,0.997
OSY,56216,9066997074,0.997
YPW,56197,9067053271,0.997
KJH,56119,9067109390,0.997
SHO,56111,9067165501,0.997
PTG,56099,9067221600,0.997
YKG,55984,9067277584,0.997
MBI,55885,9067333469,0.997
BZK,55874,9067389343,0.997
WLS,55700,9067445043,0.997
GGG,55425,9067500468,0.997
SIS,55298,9067555766,0.997
HKK,55125,9067610891,0.997
LKL,55049,9067665940,0.997
PMA,54980,9067720920,0.997
TUK,54963,9067775883,0.997
KLV,54638,9067830521,0.997
PUM,54633,9067885154,0.997
SJZ,54629,9067939783,0.997
PXA,54485,9067994268,0.997
BUP,54466,9068048734,0.997
YDA,54457,9068103191,0.997
NOV,54419,9068157610,0.997
ZGS,54120,9068211730,0.997
CIU,53829,9068265559,0.997
TJH,53809,9068319368,0.997
TMH,53764,9068373132,0.997
MHQ,53733,9068426865,0.997
BKG,53533,9068480398,0.997
YMO,53525,9068533923,0.997
LEN,53260,9068587183,0.997
MKM,53258,9068640441,0.997
BTM,53249,9068693690,0.997
CDV,53187,9068746877,0.997
KHD,53154,9068800031,0.997
RSD,53105,9068853136,0.997
EQS,53064,9068906200,0.997
MAM,53043,9068959243,0.997
RNI,53023,9069012266,0.997
OGS,53022,9069065288,0.997
PJM,53020,9069118308,0.997
SIU,53018,9069171326,0.997
SDN,52932,9069224258,0.997
AIP,52801,9069277059,0.997
STD,52794,9069329853,0.997
AFA,52718,9069382571,0.997
YPM,52567,9069435138,0.997
UNG,52448,9069487586,0.997
YGP,52305,9069539891,0.997
UUA,52294,9069592185,0.997
TKK,52289,9069644474,0.997
GCK,52275,9069696749,0.997
SRP,52224,9069748973,0.997
EPR,52211,9069801184,0.997
ROO,52210,9069853394,0.997
PBU,52198,9069905592,0.997
GVR,52107,9069957699,0.997
BFI,52102,9070009801,0.997
HYA,51985,9070061786,0.997
YKU,51835,9070113621,0.997
NEG,51637,9070165258,0.997
RKS,51482,9070216740,0.997
KYD,51354,9070268094,0.997
ZYK,51195,9070319289,0.997
TQP,51162,9070370451,0.997
IEG,51091,9070421542,0.997
YBK,50807,9070472349,0.997
DIK,50678,9070523027,0.997
ART,50526,9070573553,0.997
LYB,50398,9070623951,0.997
EUX,50361,9070674312,0.997
YZT,50273,9070724585,0.997
YKQ,49917,9070774502,0.997
WME,49830,9070824332,0.997
CJF,49794,9070874126,0.997
SZE,49769,9070923895,0.997
CMX,49750,9070973645,0.997
KYP,49674,9071023319,0.997
VNX,49631,9071072950,0.997
BKZ,49492,9071122442,0.997
KSA,49255,9071171697,0.997
JSH,49234,9071220931,0.997
SEU,49201,9071270132,0.997
YSF,49112,9071319244,0.997
CPX,49097,9071368341,0.997
YIK,48935,9071417276,0.997
NGK,48858,9071466134,0.997
ALO,48663,9071514797,0.997
CFB,48614,9071563411,0.997
LWY,48496,9071611907,0.997
ULK,48494,9071660401,0.997
YMX,48446,9071708847,0.997
THN,48406,9071757253,0.997
MEI,48256,9071805509,0.997
ONS,48119,9071853628,0.997
XKH,48113,9071901741,0.997
YUD,48002,9071949743,0.997
BYP,48000,9071997743,0.997
YWB,47938,9072045681,0.997
CDC,47919,9072093600,0.997
DWD,47911,9072141511,0.997
YAT,47835,9072189346,0.997
IMT,47822,9072237168,0.997
WAG,47629,9072284797,0.997
LRE,47583,9072332380,0.997
YFA,47509,9072379889,0.997
SMX,47466,9072427355,0.997
PKE,47346,9072474701,0.997
IXI,47263,9072521964,0.997
BVG,47219,9072569183,0.997
ZKE,47144,9072616327,0.997
KIT,47055,9072663382,0.997
JKG,47021,9072710403,0.997
AGT,46949,9072757352,0.997
NNX,46784,9072804136,0.997
EAU,46728,9072850864,0.997
BHS,46727,9072897591,0.997
VHM,46555,9072944146,0.998
LGI,46533,9072990679,0.998
ASO,46442,9073037121,0.998
JHS,46432,9073083553,0.998
YBC,46384,9073129937,0.998
HVG,46188,9073176125,0.998
HYS,46113,9073222238,0.998
RSA,45899,9073268137,0.998
YCS,45836,9073313973,0.998
PMK,45701,9073359674,0.998
AUX,45693,9073405367,0.998
AKR,45684,9073451051,0.998
DRT,45601,9073496652,0.998
EKO,45491,9073542143,0.998
YXN,45462,9073587605,0.998
AGF,45383,9073632988,0.998
BRD,45340,9073678328,0.998
ORU,45192,9073723520,0.998
GOU,45164,9073768684,0.998
PDA,45113,9073813797,0.998
TTU,45076,9073858873,0.998
YQC,44992,9073903865,0.998
SLN,44937,9073948802,0.998
AUR,44927,9073993729,0.998
PAH,44923,9074038652,0.998
GZO,44867,9074083519,0.998
NYA,44815,9074128334,0.998
ZSJ,44749,9074173083,0.998
UKX,44622,9074217705,0.998
KAZ,44529,9074262234,0.998
YWL,44512,9074306746,0.998
AKV,44154,9074350900,0.998
CVM,44145,9074395045,0.998
XJY,44078,9074439123,0.998
KOK,43801,9074482924,0.998
RRS,43737,9074526661,0.998
YEK,43562,9074570223,0.998
MBT,43505,9074613728,0.998
NAM,43310,9074657038,0.998
VXC,43282,9074700320,0.998
EBJ,43239,9074743559,0.998
IPT,43233,9074786792,0.998
PKV,43055,9074829847,0.998
FGI,42840,9074872687,0.998
RIS,42819,9074915506,0.998
SYJ,42788,9074958294,0.998
OGN,42701,9075000995,0.998
SXV,42679,9075043674,0.998
VAW,42620,9075086294,0.998
CVQ,42556,9075128850,0.998
MRX,42349,9075171199,0.998
HCJ,42347,9075213546,0.998
YHU,42276,9075255822,0.998
NHV,42264,9075298086,0.998
SOJ,42103,9075340189,0.998
UZR,42080,9075382269,0.998
YTL,42045,9075424314,0.998
LDH,41845,9075466159,0.998
YAY,41799,9075507958,0.998
GHS,41743,9075549701,0.998
STC,41634,9075591335,0.998
WOL,41634,9075632969,0.998
YSM,41553,9075674522,0.998
DTU,41352,9075715874,0.998
LKE,41335,9075757209,0.998
XQP,41334,9075798543,0.998
LRS,41310,9075839853,0.998
ZBF,41310,9075881163,0.998
PCR,41207,9075922370,0.998
SWL,41141,9075963511,0.998
NLI,41015,9076004526,0.998
MAS,40992,9076045518,0.998
YGX,40865,9076086383,0.998
MCV,40853,9076127236,0.998
AGX,40795,9076168031,0.998
YFO,40771,9076208802,0.998
YQD,40770,9076249572,0.998
YNA,40745,9076290317,0.998
MPN,40705,9076331022,0.998
AGR,40658,9076371680,0.998
MMH,40654,9076412334,0.998
OND,40578,9076452912,0.998
BKN,40554,9076493466,0.998
CAH,40236,9076533702,0.998
VKG,40208,9076573910,0.998
YUT,40169,9076614079,0.998
EAR,40159,9076654238,0.998
SUG,40093,9076694331,0.998
OTI,40063,9076734394,0.998
GRW,40047,9076774441,0.998
UNK,39886,9076814327,0.998
YZS,39870,9076854197,0.998
KHM,39720,9076893917,0.998
LUA,39664,9076933581,0.998
BFM,39540,9076973121,0.998
DRK,39491,9077012612,0.998
SHL,39480,9077052092,0.998
ESC,39444,9077091536,0.998
BFF,39437,9077130973,0.998
SAB,39316,9077170289,0.998
ZVK,39271,9077209560,0.998
ZUM,39237,9077248797,0.998
RJM,39198,9077287995,0.998
DOB,39171,9077327166,0.998
TLI,39166,9077366332,0.998
MKG,39144,9077405476,0.998
SPY,39126,9077444602,0.998
KLW,39098,9077483700,0.998
OVS,39086,9077522786,0.998
SIG,38965,9077561751,0.998
CYP,38962,9077600713,0.998
FSP,38778,9077639491,0.998
TFF,38735,9077678226,0.998
IPI,38712,9077716938,0.998
AKF,38703,9077755641,0.998
SJK,38679,9077794320,0.998
KUS,38593,9077832913,0.998
TVU,38583,9077871496,0.998
BXH,38523,9077910019,0.998
MJN,38489,9077948508,0.998
AMH,38408,9077986916,0.998
BVH,38382,9078025298,0.998
ILQ,38313,9078063611,0.998
CTL,38307,9078101918,0.998
UOL,38261,9078140179,0.998
ZFD,38105,9078178284,0.998
BHU,37981,9078216265,0.998
VDM,37960,9078254225,0.998
UAK,37873,9078292098,0.998
CRM,37794,9078329892,0.998
AJK,37726,9078367618,0.998
INL,37687,9078405305,0.998
OWB,37591,9078442896,0.998
GEV,37589,9078480485,0.998
SZA,37508,9078517993,0.998
TOE,37479,9078555472,0.998
MNG,37375,9078592847,0.998
HOX,37360,9078630207,0.998
SSB,37331,9078667538,0.998
SPB,37309,9078704847,0.998
VVZ,37259,9078742106,0.998
SMS,37187,9078779293,0.998
FRW,37035,9078816328,0.998
ZWE,37021,9078853349,0.998
VQS,36988,9078890337,0.998
YKL,36959,9078927296,0.998
VOL,36944,9078964240,0.998
KTE,36884,9079001124,0.998
SHR,36854,9079037978,0.998
XKS,36772,9079074750,0.998
MOO,36639,9079111389,0.998
LAR,36521,9079147910,0.998
TSY,36520,9079184430,0.998
GDE,36488,9079220918,0.998
BUT,36456,9079257374,0.998
DEE,36449,9079293823,0.998
MRZ,36435,9079330258,0.998
CMG,36434,9079366692,0.998
PPQ,36434,9079403126,0.998
BOY,36329,9079439455,0.998
SMT,36301,9079475756,0.998
TXF,36224,9079511980,0.998
SHD,36083,9079548063,0.998
ITU,36053,9079584116,0.998
IZT,35972,9079620088,0.998
SVU,35892,9079655980,0.998
PGA,35815,9079691795,0.998
PIR,35804,9079727599,0.998
FMI,35798,9079763397,0.998
RCU,35771,9079799168,0.998
GAL,35714,9079834882,0.998
LLO,35675,9079870557,0.998
PIN,35648,9079906205,0.998
VPY,35612,9079941817,0.998
MUR,35577,9079977394,0.998
RIW,35517,9080012911,0.998
MVB,35507,9080048418,0.998
SLW,35449,9080083867,0.998
ILY,35309,9080119176,0.998
HIB,35193,9080154369,0.998
CNY,35018,9080189387,0.998
TJL,34954,9080224341,0.998
GTS,34911,9080259252,0.998
BEB,34752,9080294004,0.998
NEV,34705,9080328709,0.998
MNA,34569,9080363278,0.998
HMV,34517,9080397795,0.998
NAH,34448,9080432243,0.998
AHJ,34429,9080466672,0.998
PTX,34420,9080501092,0.998
BAY,34343,9080535435,0.998
IFJ,34253,9080569688,0.998
OHH,33982,9080603670,0.998
XSC,33955,9080637625,0.998
TKQ,33951,9080671576,0.998
GNI,33948,9080705524,0.998
IAR,33825,9080739349,0.998
PGH,33691,9080773040,0.998
FRD,33690,9080806730,0.998
MVF,33331,9080840061,0.998
IWA,33250,9080873311,0.998
PHQ,33185,9080906496,0.998
LBF,33178,9080939674,0.998
CYS,33166,9080972840,0.998
EJN,32978,9081005818,0.998
ACZ,32937,9081038755,0.998
RIA,32895,9081071650,0.998
KGA,32874,9081104524,0.998
MUA,32808,9081137332,0.998
VHC,32725,9081170057,0.998
LNO,32687,9081202744,0.998
BCV,32663,9081235407,0.998
JEG,32641,9081268048,0.998
MUH,32614,9081300662,0.998
KND,32374,9081333036,0.998
NRK,32258,9081365294,0.998
JKL,32236,9081397530,0.998
ULO,32190,9081429720,0.998
ZEL,32168,9081461888,0.998
BHV,32082,9081493970,0.998
BQJ,31993,9081525963,0.998
RDB,31716,9081557679,0.998
PET,31656,9081589335,0.998
HGO,31649,9081620984,0.998
CED,31627,9081652611,0.998
VIN,31480,9081684091,0.998
OGD,31449,9081715540,0.998
TEE,31448,9081746988,0.998
RVD,31441,9081778429,0.998
BCU,31348,9081809777,0.998
TGT,31310,9081841087,0.998
ILD,31253,9081872340,0.998
ZNA,31201,9081903541,0.998
SUP,31161,9081934702,0.998
BYO,31152,9081965854,0.998
KME,31117,9081996971,0.998
XCH,31041,9082028012,0.999
TBW,30865,9082058877,0.999
ANI,30755,9082089632,0.999
YQK,30739,9082120371,0.999
TMX,30602,9082150973,0.999
ZRJ,30600,9082181573,0.999
YGT,30534,9082212107,0.999
MVR,30478,9082242585,0.999
IKU,30475,9082273060,0.999
YMT,30404,9082303464,0.999
YXP,30403,9082333867,0.999
SXZ,30396,9082364263,0.999
TUP,30161,9082394424,0.999
MCN,30158,9082424582,0.999
VGZ,30079,9082454661,0.999
JMS,29942,9082484603,0.999
DZN,29906,9082514509,0.999
TIH,29898,9082544407,0.999
YGH,29881,9082574288,0.999
CGI,29867,9082604155,0.999
MVP,29557,9082633712,0.999
AUQ,29545,9082663257,0.999
DAU,29480,9082692737,0.999
YIO,29394,9082722131,0.999
YZP,29383,9082751514,0.999
GWD,29350,9082780864,0.999
FLS,29332,9082810196,0.999
YOJ,29327,9082839523,0.999
PQI,29304,9082868827,0.999
KSD,29131,9082897958,0.999
TBG,29104,9082927062,0.999
YCO,29071,9082956133,0.999
BUX,28975,9082985108,0.999
TMI,28910,9083014018,0.999
GFN,28905,9083042923,0.999
AOE,28866,9083071789,0.999
APN,28831,9083100620,0.999
BKY,28648,9083129268,0.999
OTH,28647,9083157915,0.999
RAQ,28612,9083186527,0.999
ATY,28603,9083215130,0.999
MYW,28577,9083243707,0.999
BBN,28496,9083272203,0.999
ONQ,28401,9083300604,0.999
JTY,28374,9083328978,0.999
JZH,28313,9083357291,0.999
YAG,28228,9083385519,0.999
OLZ,28043,9083413562,0.999
BID,27891,9083441453,0.999
WST,27891,9083469344,0.999
RHT,27860,9083497204,0.999
LZC,27856,9083525060,0.999
SKU,27808,9083552868,0.999
LWB,27760,9083580628,0.999
HZH,27707,9083608335,0.999
YPJ,27697,9083636032,0.999
GGR,27601,9083663633,0.999
INB,27501,9083691134,0.999
DUE,27465,9083718599,0.999
LUH,27445,9083746044,0.999
MEQ,27336,9083773380,0.999
PSJ,27181,9083800561,0.999
TXE,27178,9083827739,0.999
MAU,27175,9083854914,0.999
YTQ,27161,9083882075,0.999
GPI,27061,9083909136,0.999
ZGC,27044,9083936180,0.999
TAY,26961,9083963141,0.999
MYA,26911,9083990052,0.999
BMO,26909,9084016961,0.999
NRE,26899,9084043860,0.999
LWE,26895,9084070755,0.999
JIO,26889,9084097644,0.999
RJB,26888,9084124532,0.999
RTG,26881,9084151413,0.999
ZRI,26878,9084178291,0.999
KSM,26836,9084205127,0.999
YFS,26778,9084231905,0.999
BZZ,26760,9084258665,0.999
YOC,26732,9084285397,0.999
CAW,26704,9084312101,0.999
TBI,26501,9084338602,0.999
PIB,26485,9084365087,0.999
LMU,26471,9084391558,0.999
WPU,26451,9084418009,0.999
NRA,26354,9084444363,0.999
VEL,26152,9084470515,0.999
CCK,26065,9084496580,0.999
SLV,25939,9084522519,0.999
INZ,25921,9084548440,0.999
WHK,25915,9084574355,0.999
PUB,25871,9084600226,0.999
DIU,25806,9084626032,0.999
YHD,25764,9084651796,0.999
MFU,25618,9084677414,0.999
NUS,25520,9084702934,0.999
LUO,25501,9084728435,0.999
FYU,25485,9084753920,0.999
MSZ,25335,9084779255,0.999
ONG,25306,9084804561,0.999
VPE,25182,9084829743,0.999
FAV,25014,9084854757,0.999
WNN,25002,9084879759,0.999
MDK,24955,9084904714,0.999
LKY,24925,9084929639,0.999
ULG,24894,9084954533,0.999
IUE,24891,9084979424,0.999
JYR,24886,9085004310,0.999
BMW,24861,9085029171,0.999
JQA,24813,9085053984,0.999
TOW,24804,9085078788,0.999
YUX,24735,9085103523,0.999
SLI,24667,9085128190,0.999
CHX,24648,9085152838,0.999
ABM,24625,9085177463,0.999
TCP,24624,9085202087,0.999
USQ,24586,9085226673,0.999
LAJ,24576,9085251249,0.999
BJB,24429,9085275678,0.999
LVP,24427,9085300105,0.999
PDS,24378,9085324483,0.999
GLX,24368,9085348851,0.999
OZG,24314,9085373165,0.999
YSK,24139,9085397304,0.999
WBM,24104,9085421408,0.999
RIH,24006,9085445414,0.999
YAX,23925,9085469339,0.999
YZZ,23855,9085493194,0.999
BCO,23803,9085516997,0.999
ASV,23738,9085540735,0.999
KAC,23597,9085564332,0.999
YAZ,23544,9085587876,0.999
OMO,23522,9085611398,0.999
KNQ,23510,9085634908,0.999
NWA,23388,9085658296,0.999
ZWL,23370,9085681666,0.999
DMD,23336,9085705002,0.999
VDZ,23329,9085728331,0.999
RVE,23271,9085751602,0.999
YYH,23226,9085774828,0.999
ESD,23220,9085798048,0.999
PGZ,23196,9085821244,0.999
KWB,23075,9085844319,0.999
SML,23068,9085867387,0.999
VSE,23042,9085890429,0.999
PCN,23028,9085913457,0.999
CAT,22961,9085936418,0.999
VRL,22941,9085959359,0.999
MNC,22887,9085982246,0.999
NYW,22827,9086005073,0.999
LDZ,22782,9086027855,0.999
ZFV,22769,9086050624,0.999
CVU,22675,9086073299,0.999
FAH,22656,9086095955,0.999
JSU,22303,9086118258,0.999
KEU,22295,9086140553,0.999
GEL,22281,9086162834,0.999
ZFN,22271,9086185105,0.999
IKS,22265,9086207370,0.999
LEB,22240,9086229610,0.999
PQM,22223,9086251833,0.999
IRI,22215,9086274048,0.999
KIF,22153,9086296201,0.999
HVD,22147,9086318348,0.999
MWA,22021,9086340369,0.999
FUT,21854,9086362223,0.999
SNE,21845,9086384068,0.999
AGM,21824,9086405892,0.999
CDB,21821,9086427713,0.999
GLN,21801,9086449514,0.999
CMJ,21780,9086471294,0.999
YVB,21720,9086493014,0.999
BNS,21686,9086514700,0.999
YHK,21672,9086536372,0.999
PVC,21662,9086558034,0.999
TNO,21610,9086579644,0.999
RJL,21555,9086601199,0.999
VAV,21549,9086622748,0.999
KTL,21504,9086644252,0.999
YBB,21498,9086665750,0.999
PHW,21447,9086687197,0.999
UNA,21432,9086708629,0.999
XDS,21428,9086730057,0.999
UIN,21414,9086751471,0.999
TRA,21338,9086772809,0.999
MMD,21333,9086794142,0.999
AFZ,21318,9086815460,0.999
BHB,21209,9086836669,0.999
KWM,21179,9086857848,0.999
AUK,21137,9086878985,0.999
JUV,21067,9086900052,0.999
SLD,21017,9086921069,0.999
URJ,21012,9086942081,0.999
FON,20932,9086963013,0.999
SEB,20809,9086983822,0.999
KSL,20739,9087004561,0.999
JSY,20707,9087025268,0.999
MDR,20700,9087045968,0.999
ZEM,20659,9087066627,0.999
XGR,20657,9087087284,0.999
BSC,20637,9087107921,0.999
YQZ,20624,9087128545,0.999
IRG,20590,9087149135,0.999
YAB,20572,9087169707,0.999
LLK,20560,9087190267,0.999
XBE,20547,9087210814,0.999
CGA,20456,9087231270,0.999
PPK,20407,9087251677,0.999
KTB,20399,9087272076,0.999
DND,20380,9087292456,0.999
MOQ,20353,9087312809,0.999
TMU,20350,9087333159,0.999
YNP,20228,9087353387,0.999
YMA,20138,9087373525,0.999
GEM,20103,9087393628,0.999
DVL,20090,9087413718,0.999
SDY,20054,9087433772,0.999
MXV,20037,9087453809,0.999
YHO,19992,9087473801,0.999
SVA,19964,9087493765,0.999
YLL,19954,9087513719,0.999
URG,19919,9087533638,0.999
NTN,19916,9087553554,0.999
HKR,19894,9087573448,0.999
SQN,19886,9087593334,0.999
ZPB,19869,9087613203,0.999
KTJ,19867,9087633070,0.999
OSJ,19833,9087652903,0.999
TCB,19815,9087672718,0.999
OLX,19792,9087692510,0.999
YNC,19777,9087712287,0.999
BKW,19772,9087732059,0.999
TUB,19684,9087751743,0.999
IAM,19676,9087771419,0.999
FUN,19638,9087791057,0.999
OIR,19599,9087810656,0.999
LOO,19577,9087830233,0.999
ZMT,19544,9087849777,0.999
RGS,19517,9087869294,0.999
AUU,19509,9087888803,0.999
GST,19472,9087908275,0.999
CYD,19460,9087927735,0.999
EDR,19395,9087947130,0.999
LQM,19391,9087966521,0.999
PNT,19345,9087985866,0.999
GAM,19323,9088005189,0.999
BPG,19308,9088024497,0.999
YRB,19274,9088043771,0.999
TGR,19251,9088063022,0.999
CEZ,19138,9088082160,0.999
CCL,19093,9088101253,0.999
LFM,19081,9088120334,0.999
WYS,19053,9088139387,0.999
DEC,19040,9088158427,0.999
KCK,19024,9088177451,0.999
NIS,19011,9088196462,0.999
YZR,18988,9088215450,0.999
SEK,18968,9088234418,0.999
GLU,18934,9088253352,0.999
NYK,18923,9088272275,0.999
HNS,18900,9088291175,0.999
YSO,18817,9088309992,0.999
NGE,18781,9088328773,0.999
YMN,18719,9088347492,0.999
TBH,18616,9088366108,0.999
HUE,18611,9088384719,0.999
POI,18517,9088403236,0.999
BIM,18510,9088421746,0.999
CQD,18428,9088440174,0.999
GCH,18423,9088458597,0.999
IHR,18423,9088477020,0.999
RUR,18397,9088495417,0.999
BXR,18373,9088513790,0.999
SNR,18365,9088532155,0.999
YTE,18318,9088550473,0.999
CEC,18313,9088568786,0.999
TRO,18244,9088587030,0.999
SUR,18231,9088605261,0.999
HDF,18181,9088623442,0.999
TTA,18140,9088641582,0.999
KPW,18114,9088659696,0.999
CUM,18080,9088677776,0.999
UMD,18069,9088695845,0.999
EBD,18050,9088713895,0.999
EMK,17996,9088731891,0.999
XNH,17994,9088749885,0.999
LSY,17930,9088767815,0.999
MTM,17868,9088785683,0.999
HPB,17861,9088803544,0.999
VAK,17850,9088821394,0.999
CPD,17841,9088839235,0.999
NGY,17834,9088857069,0.999
KTP,17823,9088874892,0.999
BXG,17820,9088892712,0.999
JST,17799,9088910511,0.999
USR,17794,9088928305,0.999
MJK,17660,9088945965,0.999
KEW,17619,9088963584,0.999
MGW,17594,9088981178,0.999
KHX,17522,9088998700,0.999
KSE,17522,9089016222,0.999
SGY,17476,9089033698,0.999
KHK,17423,9089051121,0.999
ZAJ,17409,9089068530,0.999
URO,17364,9089085894,0.999
NEI,17359,9089103253,0.999
SUY,17347,9089120600,0.999
GMA,17326,9089137926,0.999
SMK,17319,9089155245,0.999
YVZ,17254,9089172499,0.999
BYK,17246,9089189745,0.999
LZS,17234,9089206979,0.999
NYR,17203,9089224182,0.999
PCP,17198,9089241380,0.999
LBL,17188,9089258568,0.999
OMD,17177,9089275745,0.999
BUN,17098,9089292843,0.999
LAK,17089,9089309932,0.999
DPT,17052,9089326984,0.999
WSK,17001,9089343985,0.999
THX,16972,9089360957,0.999
SKH,16923,9089377880,0.999
QJZ,16893,9089394773,0.999
EAP,16880,9089411653,0.999
KWN,16812,9089428465,0.999
MSA,16803,9089445268,0.999
YTM,16775,9089462043,0.999
YDP,16771,9089478814,0.999
BWK,16742,9089495556,0.999
ALS,16672,9089512228,0.999
RET,16572,9089528800,0.999
YWJ,16552,9089545352,0.999
HNH,16453,9089561805,0.999
KUK,16428,9089578233,0.999
KSJ,16394,9089594627,0.999
BYC,16266,9089610893,0.999
USJ,16266,9089627159,0.999
RUD,16263,9089643422,0.999
YNL,16237,9089659659,0.999
YAP,16218,9089675877,0.999
YPL,16212,9089692089,0.999
BDD,16198,9089708287,0.999
ATT,16173,9089724460,0.999
YRG,16162,9089740622,0.999
MZO,16147,9089756769,0.999
ASS,16102,9089772871,0.999
KUG,16057,9089788928,0.999
ELC,15866,9089804794,0.999
MCE,15818,9089820612,0.999
LMO,15817,9089836429,0.999
CTN,15811,9089852240,0.999
CHT,15791,9089868031,0.999
ULX,15790,9089883821,0.999
TCA,15789,9089899610,0.999
INH,15782,9089915392,0.999
TNK,15775,9089931167,0.999
VRY,15766,9089946933,0.999
KIE,15764,9089962697,0.999
YNO,15739,9089978436,0.999
JCN,15736,9089994172,0.999
IXT,15724,9090009896,0.999
NME,15700,9090025596,0.999
ITB,15696,9090041292,0.999
MNI,15648,9090056940,0.999
DUJ,15629,9090072569,0.999
VKT,15538,9090088107,0.999
TEX,15529,9090103636,0.999
SPP,15445,9090119081,0.999
YYE,15445,9090134526,0.999
SXP,15435,9090149961,0.999
DGE,15373,9090165334,0.999
HAA,15363,9090180697,0.999
JCK,15359,9090196056,0.999
OLG,15352,9090211408,0.999
TEZ,15312,9090226720,0.999
BNC,15298,9090242018,0.999
KOT,15251,9090257269,0.999
ANA,15220,9090272489,0.999
MWK,15213,9090287702,0.999
KZI,15208,9090302910,0.999
KSO,15185,9090318095,0.999
ZLT,15078,9090333173,0.999
RCM,15072,9090348245,0.999
MFA,15049,9090363294,0.999
HGD,15018,9090378312,0.999
MCW,14989,9090393301,0.999
KPN,14976,9090408277,0.999
WSN,14956,9090423233,0.999
RKD,14867,9090438100,0.999
OUZ,14805,9090452905,0.999
TDK,14742,9090467647,0.999
KMU,14691,9090482338,0.999
BRR,14601,9090496939,0.999
EUQ,14549,9090511488,0.999
BRL,14508,9090525996,0.999
SJE,14488,9090540484,0.999
OLA,14485,9090554969,0.999
ZIS,14459,9090569428,0.999
QBC,14405,9090583833,0.999
LPX,14388,9090598221,0.999
PDT,14365,9090612586,0.999
PTO,14293,9090626879,0.999
LPY,14250,9090641129,0.999
ARW,14249,9090655378,0.999
MQQ,14211,9090669589,0.999
KRC,14149,9090683738,0.999
GAS,14137,9090697875,0.999
MMO,14104,9090711979,0.999
VCT,14103,9090726082,0.999
WTL,14081,9090740163,0.999
TMF,14034,9090754197,0.999
YVM,14015,9090768212,0.999
UII,13902,9090782114,0.999
FYT,13892,9090796006,0.999
KZS,13882,9090809888,0.999
WBB,13838,9090823726,0.999
ROP,13777,9090837503,0.999
BSA,13700,9090851203,0.999
VBA,13673,9090864876,0.999
LUP,13648,9090878524,0.999
FOD,13631,9090892155,0.999
MAZ,13618,9090905773,0.999
OOK,13606,9090919379,0.999
SYS,13598,9090932977,0.999
IPL,13582,9090946559,0.999
CBG,13570,9090960129,0.999
NOB,13570,9090973699,0.999
BQC,13535,9090987234,0.999
YDQ,13509,9091000743,0.999
BRN,13458,9091014201,0.999
ZKG,13406,9091027607,0.999
AUG,13399,9091041006,0.999
LNU,13348,9091054354,0.999
TOB,13348,9091067702,0.999
ORG,13332,9091081034,0.999
BGN,13267,9091094301,0.999
LNS,13245,9091107546,1.000
WIC,13241,9091120787,1.000
ELG,13216,9091134003,1.000
IAA,13161,9091147164,1.000
SCM,13145,9091160309,1.000
NRR,13142,9091173451,1.000
GLH,12994,9091186445,1.000
ZTB,12969,9091199414,1.000
RHD,12944,9091212358,1.000
KOV,12919,9091225277,1.000
SDP,12918,9091238195,1.000
SNX,12877,9091251072,1.000
OJU,12854,9091263926,1.000
TMT,12850,9091276776,1.000
PRM,12810,9091289586,1.000
ZKP,12809,9091302395,1.000
BGC,12806,9091315201,1.000
KSR,12793,9091327994,1.000
RUT,12766,9091340760,1.000
MSL,12765,9091353525,1.000
NGL,12759,9091366284,1.000
VRB,12724,9091379008,1.000
MKC,12722,9091391730,1.000
MRQ,12711,9091404441,1.000
BBL,12697,9091417138,1.000
MIS,12694,9091429832,1.000
NAA,12678,9091442510,1.000
XOC,12678,9091455188,1.000
MJC,12666,9091467854,1.000
WPR,12664,9091480518,1.000
XRF,12620,9091493138,1.000
YON,12611,9091505749,1.000
KEO,12605,9091518354,1.000
RGT,12596,9091530950,1.000
ECI,12584,9091543534,1.000
SVP,12554,9091556088,1.000
DHG,12553,9091568641,1.000
MQJ,12330,9091580971,1.000
GAO,12277,9091593248,1.000
IXP,12274,9091605522,1.000
KVR,12264,9091617786,1.000
TCX,12250,9091630036,1.000
TRE,12249,9091642285,1.000
WMN,12249,9091654534,1.000
PAZ,12232,9091666766,1.000
YJT,12194,9091678960,1.000
WFB,12173,9091691133,1.000
PBR,12093,9091703226,1.000
CYF,12071,9091715297,1.000
TUV,12021,9091727318,1.000
CYX,11940,9091739258,1.000
PKB,11899,9091751157,1.000
OOM,11889,9091763046,1.000
AHE,11843,9091774889,1.000
XMH,11829,9091786718,1.000
ICO,11811,9091798529,1.000
SIQ,11743,9091810272,1.000
KTR,11718,9091821990,1.000
VLY,11694,9091833684,1.000
PBL,11691,9091845375,1.000
ONK,11638,9091857013,1.000
MOG,11636,9091868649,1.000
ARX,11503,9091880152,1.000
IRP,11494,9091891646,1.000
LIO,11488,9091903134,1.000
OCJ,11442,9091914576,1.000
SVC,11436,9091926012,1.000
BLD,11433,9091937445,1.000
TBN,11389,9091948834,1.000
XWA,11370,9091960204,1.000
IRK,11367,9091971571,1.000
ORZ,11359,9091982930,1.000
RBH,11312,9091994242,1.000
CXI,11297,9092005539,1.000
CAX,11253,9092016792,1.000
DDC,11245,9092028037,1.000
WSZ,11230,9092039267,1.000
NUL,11186,9092050453,1.000
VAL,11166,9092061619,1.000
YCY,11151,9092072770,1.000
YHI,11123,9092083893,1.000
BIN,11103,9092094996,1.000
CTD,11069,9092106065,1.000
BCA,11066,9092117131,1.000
GOB,11052,9092128183,1.000
ABL,11038,9092139221,1.000
SLK,11026,9092150247,1.000
PAV,11021,9092161268,1.000
ILI,10994,9092172262,1.000
DEA,10993,9092183255,1.000
CVN,10986,9092194241,1.000
TBO,10954,9092205195,1.000
LEC,10947,9092216142,1.000
VAG,10919,9092227061,1.000
BVI,10891,9092237952,1.000
HRO,10888,9092248840,1.000
OKR,10872,9092259712,1.000
THU,10870,9092270582,1.000
YER,10868,9092281450,1.000
AXR,10850,9092292300,1.000
BST,10840,9092303140,1.000
CUQ,10797,9092313937,1.000
CJL,10794,9092324731,1.000
CNM,10782,9092335513,1.000
LVO,10752,9092346265,1.000
YNS,10744,9092357009,1.000
KTD,10671,9092367680,1.000
SYQ,10620,9092378300,1.000
LUK,10601,9092388901,1.000
FEC,10591,9092399492,1.000
HSL,10589,9092410081,1.000
ELI,10399,9092420480,1.000
TVF,10388,9092430868,1.000
IKI,10381,9092441249,1.000
GHT,10377,9092451626,1.000
AKS,10364,9092461990,1.000
KWT,10360,9092472350,1.000
PIO,10355,9092482705,1.000
BUC,10302,9092493007,1.000
CMA,10291,9092503298,1.000
KVL,10286,9092513584,1.000
MPA,10279,9092523863,1.000
THG,10270,9092534133,1.000
MSS,10240,9092544373,1.000
PHO,10212,9092554585,1.000
DLZ,10205,9092564790,1.000
WIN,10191,9092574981,1.000
SGO,10190,9092585171,1.000
WNR,10175,9092595346,1.000
EGM,10159,9092605505,1.000
CKH,10127,9092615632,1.000
RBY,10094,9092625726,1.000
AOO,10080,9092635806,1.000
SHG,10065,9092645871,1.000
CCN,10058,9092655929,1.000
RJN,10055,9092665984,1.000
WSP,10037,9092676021,1.000
BEU,10028,9092686049,1.000
KHY,10009,9092696058,1.000
BWB,9993,9092706051,1.000
AJY,9984,9092716035,1.000
BDH,9975,9092726010,1.000
IGA,9963,9092735973,1.000
JAA,9932,9092745905,1.000
HDM,9923,9092755828,1.000
UAP,9916,9092765744,1.000
RVV,9915,9092775659,1.000
BQL,9909,9092785568,1.000
HOT,9877,9092795445,1.000
KKH,9874,9092805319,1.000
ULP,9866,9092815185,1.000
BFX,9849,9092825034,1.000
PBZ,9838,9092834872,1.000
SKK,9826,9092844698,1.000
EWB,9815,9092854513,1.000
TKX,9761,9092864274,1.000
XMY,9760,9092874034,1.000
IRA,9741,9092883775,1.000
BKC,9721,9092893496,1.000
WWT,9662,9092903158,1.000
FBD,9653,9092912811,1.000
HLE,9653,9092922464,1.000
JBR,9632,9092932096,1.000
ORV,9597,9092941693,1.000
YND,9589,9092951282,1.000
GTZ,9567,9092960849,1.000
EEK,9563,9092970412,1.000
CBL,9559,9092979971,1.000
VEE,9468,9092989439,1.000
DWO,9452,9092998891,1.000
BFD,9440,9093008331,1.000
ZGN,9433,9093017764,1.000
BPC,9421,9093027185,1.000
UAS,9379,9093036564,1.000
YPY,9354,9093045918,1.000
KKI,9325,9093055243,1.000
MYI,9315,9093064558,1.000
PJG,9296,9093073854,1.000
YRA,9283,9093083137,1.000
MGT,9280,9093092417,1.000
UKG,9225,9093101642,1.000
ZTI,9186,9093110828,1.000
NLF,9116,9093119944,1.000
TFI,9036,9093128980,1.000
YWP,9035,9093138015,1.000
JFR,9034,9093147049,1.000
YFH,9002,9093156051,1.000
MKR,8988,9093165039,1.000
HPA,8978,9093174017,1.000
WUN,8965,9093182982,1.000
PWE,8936,9093191918,1.000
IWD,8904,9093200822,1.000
MWQ,8898,9093209720,1.000
CDR,8854,9093218574,1.000
IAN,8851,9093227425,1.000
YHP,8849,9093236274,1.000
MKL,8784,9093245058,1.000
TII,8766,9093253824,1.000
ELD,8761,9093262585,1.000
SOW,8736,9093271321,1.000
YCL,8699,9093280020,1.000
WTK,8696,9093288716,1.000
JOK,8679,9093297395,1.000
GLV,8649,9093306044,1.000
KDV,8644,9093314688,1.000
NBN,8579,9093323267,1.000
CAQ,8577,9093331844,1.000
AEH,8566,9093340410,1.000
VBS,8538,9093348948,1.000
YES,8538,9093357486,1.000
KLG,8530,9093366016,1.000
SQL,8529,9093374545,1.000
KAE,8501,9093383046,1.000
RMT,8492,9093391538,1.000
GGW,8445,9093399983,1.000
WAA,8418,9093408401,1.000
KQA,8404,9093416805,1.000
WMO,8400,9093425205,1.000
TLT,8395,9093433600,1.000
YFJ,8367,9093441967,1.000
NUP,8319,9093450286,1.000
VBP,8281,9093458567,1.000
AKI,8260,9093466827,1.000
VPG,8242,9093475069,1.000
GIC,8201,9093483270,1.000
WLK,8180,9093491450,1.000
GCN,8175,9093499625,1.000
MGH,8160,9093507785,1.000
ZND,8149,9093515934,1.000
SBR,8132,9093524066,1.000
CNC,8129,9093532195,1.000
GZG,8102,9093540297,1.000
XQU,8094,9093548391,1.000
SYU,8054,9093556445,1.000
RZH,8034,9093564479,1.000
KTS,8010,9093572489,1.000
OBU,8004,9093580493,1.000
PYH,8003,9093588496,1.000
KKA,7993,9093596489,1.000
HHR,7958,9093604447,1.000
PUG,7946,9093612393,1.000
CAL,7890,9093620283,1.000
SUK,7890,9093628173,1.000
LNE,7884,9093636057,1.000
ADE,7867,9093643924,1.000
TAL,7856,9093651780,1.000
SVI,7853,9093659633,1.000
PMZ,7835,9093667468,1.000
JWN,7822,9093675290,1.000
YLE,7790,9093683080,1.000
NDU,7759,9093690839,1.000
PZL,7757,9093698596,1.000
OLF,7753,9093706349,1.000
PQS,7657,9093714006,1.000
JEK,7589,9093721595,1.000
ZIX,7581,9093729176,1.000
LSA,7575,9093736751,1.000
PHB,7563,9093744314,1.000
AIN,7557,9093751871,1.000
OMM,7548,9093759419,1.000
LUD,7542,9093766961,1.000
XZI,7529,9093774490,1.000
SNP,7526,9093782016,1.000
YPO,7506,9093789522,1.000
VAO,7494,9093797016,1.000
TEB,7475,9093804491,1.000
PFQ,7456,9093811947,1.000
BTT,7417,9093819364,1.000
MMZ,7411,9093826775,1.000
SZI,7376,9093834151,1.000
MOU,7372,9093841523,1.000
NAQ,7362,9093848885,1.000
MAK,7352,9093856237,1.000
AKP,7310,9093863547,1.000
MYU,7284,9093870831,1.000
OSO,7282,9093878113,1.000
MNU,7256,9093885369,1.000
NDE,7250,9093892619,1.000
MMG,7227,9093899846,1.000
SJL,7224,9093907070,1.000
BKL,7195,9093914265,1.000
PTJ,7146,9093921411,1.000
BJS,7090,9093928501,1.000
HTG,7077,9093935578,1.000
GLF,7069,9093942647,1.000
THO,7060,9093949707,1.000
VPN,7058,9093956765,1.000
EUA,7055,9093963820,1.000
JAR,7037,9093970857,1.000
YSG,7027,9093977884,1.000
RSS,6929,9093984813,1.000
KWK,6916,9093991729,1.000
HVR,6912,9093998641,1.000
YGV,6910,9094005551,1.000
PLC,6865,9094012416,1.000
CIK,6862,9094019278,1.000
KDZ,6857,9094026135,1.000
SLX,6774,9094032909,1.000
GLK,6757,9094039666,1.000
AXP,6744,9094046410,1.000
MVT,6722,9094053132,1.000
MUE,6710,9094059842,1.000
KYU,6687,9094066529,1.000
KNW,6677,9094073206,1.000
YPN,6677,9094079883,1.000
CHY,6644,9094086527,1.000
UAR,6636,9094093163,1.000
BQG,6616,9094099779,1.000
ARC,6576,9094106355,1.000
TWA,6523,9094112878,1.000
ULZ,6489,9094119367,1.000
AIA,6469,9094125836,1.000
IVR,6453,9094132289,1.000
GMR,6442,9094138731,1.000
LTI,6438,9094145169,1.000
HRI,6435,9094151604,1.000
ZVH,6399,9094158003,1.000
NEU,6380,9094164383,1.000
XTO,6366,9094170749,1.000
RNL,6360,9094177109,1.000
ABK,6290,9094183399,1.000
FBS,6290,9094189689,1.000
SHH,6274,9094195963,1.000
ADK,6257,9094202220,1.000
AGN,6203,9094208423,1.000
ETL,6146,9094214569,1.000
AET,6144,9094220713,1.000
YLH,6141,9094226854,1.000
OTR,6132,9094232986,1.000
ACI,6130,9094239116,1.000
TGP,6112,9094245228,1.000
SLH,6110,9094251338,1.000
DRG,6072,9094257410,1.000
ERG,6068,9094263478,1.000
ORB,5998,9094269476,1.000
YAA,5980,9094275456,1.000
HOI,5975,9094281431,1.000
HCR,5955,9094287386,1.000
NUI,5935,9094293321,1.000
HOE,5930,9094299251,1.000
FAU,5926,9094305177,1.000
NCJ,5919,9094311096,1.000
ATK,5908,9094317004,1.000
BEM,5901,9094322905,1.000
BTI,5875,9094328780,1.000
GRY,5870,9094334650,1.000
TME,5841,9094340491,1.000
ZSB,5796,9094346287,1.000
BCI,5784,9094352071,1.000
KAL,5750,9094357821,1.000
RTA,5747,9094363568,1.000
WUU,5719,9094369287,1.000
XTG,5707,9094374994,1.000
CHR,5656,9094380650,1.000
MWF,5654,9094386304,1.000
UAH,5640,9094391944,1.000
CCV,5581,9094397525,1.000
TGC,5552,9094403077,1.000
CCR,5528,9094408605,1.000
HFA,5526,9094414131,1.000
GDV,5525,9094419656,1.000
KXK,5497,9094425153,1.000
WMB,5479,9094430632,1.000
ZFQ,5435,9094436067,1.000
GIU,5433,9094441500,1.000
CNP,5431,9094446931,1.000
SFS,5367,9094452298,1.000
EKS,5350,9094457648,1.000
KLN,5329,9094462977,1.000
HUU,5326,9094468303,1.000
HYL,5317,9094473620,1.000
NUM,5304,9094478924,1.000
COQ,5292,9094484216,1.000
TKE,5230,9094489446,1.000
CRI,5225,9094494671,1.000
RCQ,5216,9094499887,1.000
SCZ,5214,9094505101,1.000
YLC,5185,9094510286,1.000
AAX,5183,9094515469,1.000
IGG,5154,9094520623,1.000
CYU,5120,9094525743,1.000
CLP,5093,9094530836,1.000
MLL,5090,9094535926,1.000
GBB,5066,9094540992,1.000
MFQ,5066,9094546058,1.000
RSH,5061,9094551119,1.000
TOG,5036,9094556155,1.000
DQU,5033,9094561188,1.000
TRR,5009,9094566197,1.000
MCK,5008,9094571205,1.000
KRB,5004,9094576209,1.000
UGB,4995,9094581204,1.000
ERN,4963,9094586167,1.000
MCG,4949,9094591116,1.000
YBE,4947,9094596063,1.000
YSY,4924,9094600987,1.000
JJM,4904,9094605891,1.000
PIP,4862,9094610753,1.000
CFG,4853,9094615606,1.000
RZG,4827,9094620433,1.000
FRE,4802,9094625235,1.000
SHX,4787,9094630022,1.000
ACD,4772,9094634794,1.000
PDK,4740,9094639534,1.000
YPC,4725,9094644259,1.000
KCL,4708,9094648967,1.000
HKB,4689,9094653656,1.000
IPA,4664,9094658320,1.000
INF,4651,9094662971,1.000
SIC,4643,9094667614,1.000
ANV,4640,9094672254,1.000
RUA,4601,9094676855,1.000
PPW,4587,9094681442,1.000
LGL,4569,9094686011,1.000
DKS,4486,9094690497,1.000
HNM,4481,9094694978,1.000
FKL,4472,9094699450,1.000
KGX,4468,9094703918,1.000
SSR,4467,9094708385,1.000
EGX,4463,9094712848,1.000
FIZ,4440,9094717288,1.000
TKJ,4436,9094721724,1.000
UBB,4433,9094726157,1.000
TQQ,4426,9094730583,1.000
LON,4360,9094734943,1.000
MYG,4356,9094739299,1.000
UIT,4322,9094743621,1.000
PIZ,4312,9094747933,1.000
ODN,4309,9094752242,1.000
KCQ,4302,9094756544,1.000
PCQ,4265,9094760809,1.000
MPC,4256,9094765065,1.000
OBN,4254,9094769319,1.000
BKM,4222,9094773541,1.000
FOG,4222,9094777763,1.000
TQR,4222,9094781985,1.000
OLH,4205,9094786190,1.000
ZFJ,4180,9094790370,1.000
SOM,4174,9094794544,1.000
SFD,4172,9094798716,1.000
SLM,4167,9094802883,1.000
TLU,4153,9094807036,1.000
DJN,4152,9094811188,1.000
RBV,4149,9094815337,1.000
BTC,4108,9094819445,1.000
KPV,4107,9094823552,1.000
XPJ,4101,9094827653,1.000
AEU,4086,9094831739,1.000
BQU,4080,9094835819,1.000
TTQ,4080,9094839899,1.000
RIV,4070,9094843969,1.000
OTD,4068,9094848037,1.000
ODE,4055,9094852092,1.000
GAE,4044,9094856136,1.000
PUE,4043,9094860179,1.000
PEC,4032,9094864211,1.000
MTV,4029,9094868240,1.000
DBA,4001,9094872241,1.000
EMR,3970,9094876211,1.000
FTI,3956,9094880167,1.000
HUS,3941,9094884108,1.000
KCG,3930,9094888038,1.000
PVA,3916,9094891954,1.000
AVN,3905,9094895859,1.000
ENF,3905,9094899764,1.000
AUY,3861,9094903625,1.000
UDJ,3843,9094907468,1.000
TLA,3838,9094911306,1.000
SRH,3801,9094915107,1.000
KGE,3759,9094918866,1.000
BNY,3710,9094922576,1.000
ZIY,3709,9094926285,1.000
OBY,3706,9094929991,1.000
KCT,3704,9094933695,1.000
ZGU,3692,9094937387,1.000
RUS,3686,9094941073,1.000
KEH,3664,9094944737,1.000
BMG,3633,9094948370,1.000
KUD,3626,9094951996,1.000
TLY,3625,9094955621,1.000
PGM,3623,9094959244,1.000
MXH,3611,9094962855,1.000
GUO,3610,9094966465,1.000
PEU,3601,9094970066,1.000
VHV,3583,9094973649,1.000
KKR,3559,9094977208,1.000
NRL,3554,9094980762,1.000
CAF,3550,9094984312,1.000
KBC,3496,9094987808,1.000
BAZ,3486,9094991294,1.000
VYI,3482,9094994776,1.000
YPB,3460,9094998236,1.000
MXX,3447,9095001683,1.000
POR,3434,9095005117,1.000
CUA,3428,9095008545,1.000
XYI,3423,9095011968,1.000
EBG,3418,9095015386,1.000
GYG,3411,9095018797,1.000
SOY,3396,9095022193,1.000
QRH,3381,9095025574,1.000
NDY,3370,9095028944,1.000
LBP,3335,9095032279,1.000
WRY,3335,9095035614,1.000
PTH,3314,9095038928,1.000
RNM,3311,9095042239,1.000
LWK,3304,9095045543,1.000
MHG,3298,9095048841,1.000
PTK,3289,9095052130,1.000
XOP,3287,9095055417,1.000
DDV,3270,9095058687,1.000
BER,3261,9095061948,1.000
LJA,3247,9095065195,1.000
LMC,3229,9095068424,1.000
TGX,3229,9095071653,1.000
GUB,3188,9095074841,1.000
KBH,3171,9095078012,1.000
HDK,3152,9095081164,1.000
GCW,3148,9095084312,1.000
CCA,3146,9095087458,1.000
WJA,3136,9095090594,1.000
KEB,3134,9095093728,1.000
CEM,3127,9095096855,1.000
YGZ,3110,9095099965,1.000
TFY,3089,9095103054,1.000
ENT,3077,9095106131,1.000
KIO,3074,9095109205,1.000
NDK,3074,9095112279,1.000
CIZ,3071,9095115350,1.000
TNC,3070,9095118420,1.000
FYG,3062,9095121482,1.000
SOV,3041,9095124523,1.000
AIC,3036,9095127559,1.000
UTS,3032,9095130591,1.000
LKH,3013,9095133604,1.000
MGU,3008,9095136612,1.000
WBQ,3004,9095139616,1.000
BKQ,3002,9095142618,1.000
SOB,2990,9095145608,1.000
TDG,2965,9095148573,1.000
RNT,2959,9095151532,1.000
KMO,2944,9095154476,1.000
MNS,2936,9095157412,1.000
ACU,2918,9095160330,1.000
TKP,2917,9095163247,1.000
NLG,2916,9095166163,1.000
SRV,2909,9095169072,1.000
FOE,2850,9095171922,1.000
JIA,2784,9095174706,1.000
JBD,2775,9095177481,1.000
ELV,2723,9095180204,1.000
DLR,2719,9095182923,1.000
COL,2718,9095185641,1.000
RDV,2690,9095188331,1.000
CLD,2681,9095191012,1.000
VLS,2669,9095193681,1.000
EAE,2658,9095196339,1.000
TGH,2657,9095198996,1.000
PML,2599,9095201595,1.000
GYM,2587,9095204182,1.000
SPX,2582,9095206764,1.000
LNB,2578,9095209342,1.000
PYC,2573,9095211915,1.000
SWV,2568,9095214483,1.000
KVC,2554,9095217037,1.000
MNT,2541,9095219578,1.000
JEJ,2494,9095222072,1.000
HCQ,2492,9095224564,1.000
MJB,2492,9095227056,1.000
MJE,2492,9095229548,1.000
AWD,2489,9095232037,1.000
FTA,2486,9095234523,1.000
XZN,2460,9095236983,1.000
KDA,2459,9095239442,1.000
KKL,2448,9095241890,1.000
SAO,2438,9095244328,1.000
LIX,2421,9095246749,1.000
WNA,2419,9095249168,1.000
ULB,2415,9095251583,1.000
WLE,2413,9095253996,1.000
PBJ,2404,9095256400,1.000
PEX,2399,9095258799,1.000
NIU,2398,9095261197,1.000
TOH,2392,9095263589,1.000
ORI,2366,9095265955,1.000
DLY,2360,9095268315,1.000
CHU,2307,9095270622,1.000
KHQ,2295,9095272917,1.000
SAH,2293,9095275210,1.000
NSQ,2284,9095277494,1.000
TIZ,2278,9095279772,1.000
PRS,2274,9095282046,1.000
KSZ,2227,9095284273,1.000
NUF,2220,9095286493,1.000
HBP,2218,9095288711,1.000
FIE,2216,9095290927,1.000
GAF,2211,9095293138,1.000
SLQ,2207,9095295345,1.000
KOZ,2200,9095297545,1.000
ASI,2188,9095299733,1.000
TSL,2188,9095301921,1.000
PKA,2169,9095304090,1.000
GME,2164,9095306254,1.000
MKP,2162,9095308416,1.000
SWJ,2162,9095310578,1.000
KIY,2157,9095312735,1.000
NCR,2155,9095314890,1.000
YIP,2149,9095317039,1.000
ZDJ,2130,9095319169,1.000
DBB,2128,9095321297,1.000
PYG,2119,9095323416,1.000
BAS,2117,9095325533,1.000
LPM,2097,9095327630,1.000
XSH,2094,9095329724,1.000
SIR,2081,9095331805,1.000
ORT,2076,9095333881,1.000
ADH,2071,9095335952,1.000
ATD,2071,9095338023,1.000
WNI,2059,9095340082,1.000
OAI,2045,9095342127,1.000
ATR,2044,9095344171,1.000
MLY,2041,9095346212,1.000
OFU,2040,9095348252,1.000
MHM,2034,9095350286,1.000
RMP,2031,9095352317,1.000
TGQ,2028,9095354345,1.000
NNB,1998,9095356343,1.000
KLL,1992,9095358335,1.000
ZZU,1972,9095360307,1.000
XJN,1968,9095362275,1.000
AOS,1962,9095364237,1.000
RNA,1960,9095366197,1.000
YQA,1959,9095368156,1.000
PKO,1952,9095370108,1.000
KZB,1948,9095372056,1.000
SVS,1938,9095373994,1.000
DOP,1900,9095375894,1.000
RVT,1880,9095377774,1.000
JQE,1859,9095379633,1.000
HYG,1852,9095381485,1.000
CBI,1840,9095383325,1.000
ZVE,1835,9095385160,1.000
KPR,1811,9095386971,1.000
AAD,1809,9095388780,1.000
KPY,1807,9095390587,1.000
EDA,1804,9095392391,1.000
BLW,1803,9095394194,1.000
KCC,1791,9095395985,1.000
CZN,1777,9095397762,1.000
KKB,1777,9095399539,1.000
GCT,1770,9095401309,1.000
TGI,1769,9095403078,1.000
QXG,1768,9095404846,1.000
GNU,1743,9095406589,1.000
MIL,1732,9095408321,1.000
CSA,1721,9095410042,1.000
SYB,1718,9095411760,1.000
KWP,1706,9095413466,1.000
IMK,1704,9095415170,1.000
PTU,1699,9095416869,1.000
UMS,1683,9095418552,1.000
SAJ,1679,9095420231,1.000
ANE,1670,9095421901,1.000
CFO,1668,9095423569,1.000
CKD,1656,9095425225,1.000
KOY,1656,9095426881,1.000
SVL,1656,9095428537,1.000
TKF,1656,9095430193,1.000
KWF,1655,9095431848,1.000
AKK,1640,9095433488,1.000
ALZ,1633,9095435121,1.000
CSK,1626,9095436747,1.000
DIW,1623,9095438370,1.000
LLM,1616,9095439986,1.000
ZYA,1609,9095441595,1.000
NQT,1602,9095443197,1.000
SVR,1602,9095444799,1.000
IRC,1597,9095446396,1.000
LKB,1587,9095447983,1.000
SRK,1587,9095449570,1.000
SXO,1586,9095451156,1.000
AEM,1584,9095452740,1.000
VBV,1576,9095454316,1.000
APK,1574,9095455890,1.000
ICI,1574,9095457464,1.000
KXF,1571,9095459035,1.000
TQA,1569,9095460604,1.000
EDN,1565,9095462169,1.000
PPV,1548,9095463717,1.000
BFQ,1544,9095465261,1.000
KPB,1541,9095466802,1.000
UGI,1541,9095468343,1.000
CAZ,1536,9095469879,1.000
NNL,1534,9095471413,1.000
PTA,1534,9095472947,1.000
IUI,1515,9095474462,1.000
SGG,1512,9095475974,1.000
WZA,1511,9095477485,1.000
KUZ,1509,9095478994,1.000
CHI,1498,9095480492,1.000
UPK,1487,9095481979,1.000
QNQ,1484,9095483463,1.000
NIR,1483,9095484946,1.000
WAS,1475,9095486421,1.000
PDB,1468,9095487889,1.000
FTW,1466,9095489355,1.000
KGK,1464,9095490819,1.000
VUS,1449,9095492268,1.000
LBR,1447,9095493715,1.000
WOT,1422,9095495137,1.000
TIB,1420,9095496557,1.000
BQT,1407,9095497964,1.000
DSI,1389,9095499353,1.000
KGQ,1365,9095500718,1.000
LMA,1362,9095502080,1.000
ZYT,1361,9095503441,1.000
MMU,1357,9095504798,1.000
SAE,1346,9095506144,1.000
KFI,1342,9095507486,1.000
LOD,1338,9095508824,1.000
IKE,1323,9095510147,1.000
WWP,1323,9095511470,1.000
PAF,1316,9095512786,1.000
KMY,1303,9095514089,1.000
NKI,1298,9095515387,1.000
JUK,1295,9095516682,1.000
XJU,1293,9095517975,1.000
LQP,1281,9095519256,1.000
HIG,1278,9095520534,1.000
LUU,1276,9095521810,1.000
CKX,1273,9095523083,1.000
LIK,1273,9095524356,1.000
YGB,1272,9095525628,1.000
NIQ,1265,9095526893,1.000
WTO,1249,9095528142,1.000
EBO,1247,9095529389,1.000
EJT,1247,9095530636,1.000
AIM,1246,9095531882,1.000
LML,1246,9095533128,1.000
MIJ,1246,9095534374,1.000
UJE,1246,9095535620,1.000
UTK,1246,9095536866,1.000
WTE,1244,9095538110,1.000
YTO,1215,9095539325,1.000
RIO,1194,9095540519,1.000
SVN,1184,9095541703,1.000
AGC,1172,9095542875,1.000
STG,1149,9095544024,1.000
NYC,1129,9095545153,1.000
AAA,1127,9095546280,1.000
LAF,1112,9095547392,1.000
KNK,1109,9095548501,1.000
QAR,1107,9095549608,1.000
WLH,1105,9095550713,1.000
FOA,1088,9095551801,1.000
VIF,1088,9095552889,1.000
LEH,1074,9095553963,1.000
TRM,1074,9095555037,1.000
HFD,1067,9095556104,1.000
BVJ,1066,9095557170,1.000
XIK,1063,9095558233,1.000
BLE,1039,9095559272,1.000
FSA,1026,9095560298,1.000
EXI,1010,9095561308,1.000
MPP,975,9095562283,1.000
SLJ,962,9095563245,1.000
WHD,948,9095564193,1.000
SRN,947,9095565140,1.000
LUR,938,9095566078,1.000
INA,927,9095567005,1.000
CHH,910,9095567915,1.000
HHS,907,9095568822,1.000
QXB,905,9095569727,1.000
PPL,901,9095570628,1.000
YAC,869,9095571497,1.000
OGM,864,9095572361,1.000
ZUI,863,9095573224,1.000
AIR,838,9095574062,1.000
KDY,838,9095574900,1.000
EML,835,9095575735,1.000
RKA,833,9095576568,1.000
IOQ,831,9095577399,1.000
KFP,823,9095578222,1.000
ERR,822,9095579044,1.000
XHK,819,9095579863,1.000
ROM,815,9095580678,1.000
KEK,812,9095581490,1.000
KLB,809,9095582299,1.000
AOQ,796,9095583095,1.000
PZH,791,9095583886,1.000
TQI,785,9095584671,1.000
FYV,778,9095585449,1.000
CEG,774,9095586223,1.000
HZD,771,9095586994,1.000
YNG,764,9095587758,1.000
HEC,751,9095588509,1.000
BUE,710,9095589219,1.000
OWD,700,9095589919,1.000
JBU,698,9095590617,1.000
SYG,696,9095591313,1.000
FAC,673,9095591986,1.000
LJR,657,9095592643,1.000
NPY,646,9095593289,1.000
YJV,646,9095593935,1.000
KHT,642,9095594577,1.000
ABG,640,9095595217,1.000
DFP,640,9095595857,1.000
DNB,640,9095596497,1.000
GBP,640,9095597137,1.000
IKP,640,9095597777,1.000
WPK,640,9095598417,1.000
BVW,638,9095599055,1.000
CFW,638,9095599693,1.000
DXD,638,9095600331,1.000
LFP,638,9095600969,1.000
MBL,623,9095601592,1.000
LZB,620,9095602212,1.000
EOI,606,9095602818,1.000
BAT,600,9095603418,1.000
FRC,599,9095604017,1.000
ZLN,598,9095604615,1.000
TYO,594,9095605209,1.000
ZYZ,580,9095605789,1.000
MEN,578,9095606367,1.000
AFW,576,9095606943,1.000
PAR,567,9095607510,1.000
KDW,563,9095608073,1.000
XIZ,561,9095608634,1.000
BMB,559,9095609193,1.000
ZWI,553,9095609746,1.000
NBW,544,9095610290,1.000
SKF,544,9095610834,1.000
BPR,542,9095611376,1.000
ZYN,538,9095611914,1.000
IWO,532,9095612446,1.000
LBG,532,9095612978,1.000
YUG,525,9095613503,1.000
AKB,515,9095614018,1.000
UIG,515,9095614533,1.000
EBH,509,9095615042,1.000
XQA,509,9095615551,1.000
TID,507,9095616058,1.000
ZBL,500,9095616558,1.000
ZMS,492,9095617050,1.000
DPB,482,9095617532,1.000
JAF,475,9095618007,1.000
TCL,460,9095618467,1.000
IKO,459,9095618926,1.000
YJM,454,9095619380,1.000
DTZ,433,9095619813,1.000
CRC,432,9095620245,1.000
ZIU,430,9095620675,1.000
MJD,429,9095621104,1.000
PNG,424,9095621528,1.000
SSN,423,9095621951,1.000
BZY,416,9095622367,1.000
MES,415,9095622782,1.000
OSA,415,9095623197,1.000
THJ,414,9095623611,1.000
FVS,410,9095624021,1.000
YFT,407,9095624428,1.000
YQH,400,9095624828,1.000
DDB,398,9095625226,1.000
IBT,397,9095625623,1.000
ZMU,397,9095626020,1.000
KAA,393,9095626413,1.000
BYN,390,9095626803,1.000
QFB,384,9095627187,1.000
EXS,378,9095627565,1.000
YMQ,373,9095627938,1.000
EAA,369,9095628307,1.000
MOW,368,9095628675,1.000
MYF,365,9095629040,1.000
MTS,363,9095629403,1.000
LZD,362,9095629765,1.000
DCF,358,9095630123,1.000
ILS,358,9095630481,1.000
LLD,357,9095630838,1.000
TAR,356,9095631194,1.000
SEL,355,9095631549,1.000
HIS,353,9095631902,1.000
GBX,349,9095632251,1.000
YJE,348,9095632599,1.000
BGX,345,9095632944,1.000
STO,344,9095633288,1.000
YJB,333,9095633621,1.000
JUM,326,9095633947,1.000
QYH,319,9095634266,1.000
TEU,318,9095634584,1.000
MDU,317,9095634901,1.000
HNZ,316,9095635217,1.000
MBX,310,9095635527,1.000
NTY,306,9095635833,1.000
TEC,294,9095636127,1.000
OXQ,287,9095636414,1.000
NSZ,281,9095636695,1.000
KOM,279,9095636974,1.000
RIG,279,9095637253,1.000
BIF,270,9095637523,1.000
VTI,269,9095637792,1.000
WAM,256,9095638048,1.000
XVQ,255,9095638303,1.000
DTT,250,9095638553,1.000
CBW,245,9095638798,1.000
QYE,245,9095639043,1.000
TBJ,240,9095639283,1.000
SRA,239,9095639522,1.000
AYX,232,9095639754,1.000
CKW,228,9095639982,1.000
KJR,225,9095640207,1.000
XWC,218,9095640425,1.000
MNY,215,9095640640,1.000
BWE,214,9095640854,1.000
DHU,214,9095641068,1.000
PXG,202,9095641270,1.000
AUB,199,9095641469,1.000
VCV,199,9095641668,1.000
QDL,198,9095641866,1.000
QTR,197,9095642063,1.000
XJR,195,9095642258,1.000
XZM,191,9095642449,1.000
KFE,191,9095642640,1.000
NTT,186,9095642826,1.000
GGB,185,9095643011,1.000
PVI,185,9095643196,1.000
APX,184,9095643380,1.000
NHG,181,9095643561,1.000
EMU,180,9095643741,1.000
IRD,179,9095643920,1.000
CKO,178,9095644098,1.000
KJK,178,9095644276,1.000
NHA,177,9095644453,1.000
NKJ,177,9095644630,1.000
ZDY,174,9095644804,1.000
IOB,172,9095644976,1.000
LWG,172,9095645148,1.000
XJJ,172,9095645320,1.000
FDD,168,9095645488,1.000
DGM,165,9095645653,1.000
ZGB,161,9095645814,1.000
QYP,159,9095645973,1.000
TLJ,157,9095646130,1.000
IZM,151,9095646281,1.000
XZZ,149,9095646430,1.000
ZYH,149,9095646579,1.000
ZTF,147,9095646726,1.000
ALY,146,9095646872,1.000
TYD,146,9095647018,1.000
LYN,142,9095647160,1.000
CAS,140,9095647300,1.000
BED,139,9095647439,1.000
TCT,139,9095647578,1.000
XXQ,139,9095647717,1.000
KZZ,137,9095647854,1.000
AGB,134,9095647988,1.000
TPB,134,9095648122,1.000
LHA,132,9095648254,1.000
MBZ,132,9095648386,1.000
QUL,130,9095648516,1.000
VBL,129,9095648645,1.000
SOZ,128,9095648773,1.000
XYG,127,9095648900,1.000
GGH,126,9095649026,1.000
ORL,125,9095649151,1.000
SWS,122,9095649273,1.000
TPY,122,9095649395,1.000
BVS,121,9095649516,1.000
LZX,121,9095649637,1.000
BUL,120,9095649757,1.000
ILE,118,9095649875,1.000
XXZ,117,9095649992,1.000
BSX,116,9095650108,1.000
NFO,114,9095650222,1.000
GGF,107,9095650329,1.000
PTQ,106,9095650435,1.000
QQP,97,9095650532,1.000
MEU,95,9095650627,1.000
POW,95,9095650722,1.000
TCI,95,9095650817,1.000
EEP,93,9095650910,1.000
BSH,90,9095651000,1.000
SVK,89,9095651089,1.000
XIX,89,9095651178,1.000
LUC,88,9095651266,1.000
XZV,88,9095651354,1.000
CYC,87,9095651441,1.000
EJJ,86,9095651527,1.000
WGE,84,9095651611,1.000
ANK,82,9095651693,1.000
QRZ,82,9095651775,1.000
EVG,76,9095651851,1.000
NIB,76,9095651927,1.000
GIA,75,9095652002,1.000
PFE,75,9095652077,1.000
XOJ,75,9095652152,1.000
HZK,74,9095652226,1.000
HFN,74,9095652300,1.000
KLJ,73,9095652373,1.000
YJW,71,9095652444,1.000
DHS,69,9095652513,1.000
EZV,65,9095652578,1.000
HFS,65,9095652643,1.000
QVX,65,9095652708,1.000
QQU,64,9095652772,1.000
KVB,64,9095652836,1.000
BBE,61,9095652897,1.000
FMV,61,9095652958,1.000
SBG,61,9095653019,1.000
KMK,58,9095653077,1.000
FIR,56,9095653133,1.000
QDU,51,9095653184,1.000
BRK,50,9095653234,1.000
INP,50,9095653284,1.000
DEM,49,9095653333,1.000
UST,48,9095653381,1.000
YEA,48,9095653429,1.000
TTZ,45,9095653474,1.000
XRJ,44,9095653518,1.000
LQQ,43,9095653561,1.000
WZE,40,9095653601,1.000
XYW,40,9095653641,1.000
ZNG,40,9095653681,1.000
BUH,39,9095653720,1.000
SNC,39,9095653759,1.000
YQF,39,9095653798,1.000
XUT,38,9095653836,1.000
JKT,36,9095653872,1.000
AAB,35,9095653907,1.000
GKW,34,9095653941,1.000
LHG,34,9095653975,1.000
XIV,34,9095654009,1.000
MLW,33,9095654042,1.000
XVY,33,9095654075,1.000
QEW,32,9095654107,1.000
APC,30,9095654137,1.000
XTI,30,9095654167,1.000
QLQ,29,9095654196,1.000
TYF,28,9095654224,1.000
BHZ,27,9095654251,1.000
SGX,27,9095654278,1.000
BAU,26,9095654304,1.000
QKL,26,9095654330,1.000
FMY,25,9095654355,1.000
PLH,25,9095654380,1.000
XEC,24,9095654404,1.000
IRT,23,9095654427,1.000
QQS,22,9095654449,1.000
REK,22,9095654471,1.000
VSN,21,9095654492,1.000
YJG,21,9095654513,1.000
SAC,19,9095654532,1.000
ANS,18,9095654550,1.000
APF,18,9095654568,1.000
IRM,18,9095654586,1.000
PRT,18,9095654604,1.000
ZDN,18,9095654622,1.000
CDZ,17,9095654639,1.000
JQJ,17,9095654656,1.000
LEV,17,9095654673,1.000
ATA,16,9095654689,1.000
PZE,16,9095654705,1.000
EEU,15,9095654720,1.000
LQS,15,9095654735,1.000
XJO,15,9095654750,1.000
YBZ,15,9095654765,1.000
YJI,15,9095654780,1.000
CLB,14,9095654794,1.000
TXB,14,9095654808,1.000
JIU,13,9095654821,1.000
RRR,13,9095654834,1.000
BNH,12,9095654846,1.000
NYS,12,9095654858,1.000
REA,12,9095654870,1.000
XDQ,12,9095654882,1.000
RBS,11,9095654893,1.000
SOO,11,9095654904,1.000
XAX,11,9095654915,1.000
EBV,10,9095654925,1.000
QPA,10,9095654935,1.000
XJV,10,9095654945,1.000
AZN,10,9095654955,1.000
BQD,9,9095654964,1.000
EWV,9,9095654973,1.000
ITT,9,9095654982,1.000
OPF,8,9095654990,1.000
PRY,8,9095654998,1.000
BXN,7,9095655005,1.000
AMR,6,9095655011,1.000
GLO,6,9095655017,1.000
HEV,6,9095655023,1.000
LSZ,6,9095655029,1.000
PCI,6,9095655035,1.000
XQE,6,9095655041,1.000
ZLP,6,9095655047,1.000
ZRB,6,9095655053,1.000
BAK,5,9095655058,1.000
VYN,5,9095655063,1.000
LTT,5,9095655068,1.000
BBX,4,9095655072,1.000
ENV,4,9095655076,1.000
HTO,4,9095655080,1.000
JJJ,4,9095655084,1.000
KHZ,4,9095655088,1.000
MOD,4,9095655092,1.000
MTP,4,9095655096,1.000
MVN,4,9095655100,1.000
OVI,4,9095655104,1.000
QPT,4,9095655108,1.000
QQK,4,9095655112,1.000
QSR,4,9095655116,1.000
SBD,4,9095655120,1.000
SRZ,4,9095655124,1.000
VBR,4,9095655128,1.000
VNY,4,9095655132,1.000
ZAQ,4,9095655136,1.000
BZO,3,9095655139,1.000
FMN,3,9095655142,1.000
IBD,3,9095655145,1.000
ILG,3,9095655148,1.000
IMR,3,9095655151,1.000
KMC,3,9095655154,1.000
PJA,3,9095655157,1.000
QHX,3,9095655160,1.000
SPK,3,9095655163,1.000
XRE,3,9095655166,1.000
AUW,3,9095655169,1.000
AGE,2,9095655171,1.000
CWI,2,9095655173,1.000
ENW,2,9095655175,1.000
HII,2,9095655177,1.000
JOT,2,9095655179,1.000
KWQ,2,9095655181,1.000
LEE,2,9095655183,1.000
LOU,2,9095655185,1.000
LVK,2,9095655187,1.000
MTH,2,9095655189,1.000
OCF,2,9095655191,1.000
OXR,2,9095655193,1.000
PMD,2,9095655195,1.000
POQ,2,9095655197,1.000
POU,2,9095655199,1.000
QGN,2,9095655201,1.000
RUJ,2,9095655203,1.000
SBS,2,9095655205,1.000
TVL,2,9095655207,1.000
UES,2,9095655209,1.000
YMY,2,9095655211,1.000
ZWS,2,9095655213,1.000
ZXE,2,9095655215,1.000
ZGG,2,9095655217,1.000
LKI,2,9095655219,1.000
NUB,2,9095655221,1.000
HAR,2,9095655223,1.000
ODB,2,9095655225,1.000
VNZ,2,9095655227,1.000
VIO,2,9095655229,1.000
KGV,2,9095655231,1.000
AZM,2,9095655233,1.000
CEF,1,9095655234,1.000
DXR,1,9095655235,1.000
GVL,1,9095655236,1.000
HSH,1,9095655237,1.000
MBD,1,9095655238,1.000
OLS,1,9095655239,1.000
PHG,1,9095655240,1.000
PWA,1,9095655241,1.000
QEF,1,9095655242,1.000
SDX,1,9095655243,1.000
SEJ,1,9095655244,1.000
SFQ,1,9095655245,1.000
TOJ,1,9095655246,1.000
WCD,1,9095655247,1.000
XGZ,1,9095655248,1.000
XHQ,1,9095655249,1.000
XNE,1,9095655250,1.000
ZMB,1,9095655251,1.000
QYU,1,9095655252,1.000
OKK,1,9095655253,1.000
QKU,1,9095655254,1.000
ZFC,1,9095655255,1.000
XJI,1,9095655256,1.000
RLD,1,9095655257,1.000
WVI,1,9095655258,1.000
QPP,1,9095655259,1.000
XED,1,9095655260,1.000
MUV,1,9095655261,1.000
BZQ,1,9095655262,1.000